ATZP
BASIS:
H 1 2 2 1

s       5.4471780              0.1562850        
s       0.8245470              0.9046910        

s       0.1831920              1.0000000        

He 2 2 2 1

s      13.6267000              0.1752300        
s       1.9993500              0.8934830        

s       0.3829930              1.0000000        

Li 3 5 3 2 1 2 1

s      36.8382000              0.0696686        
s       5.4817200              0.3813460        
s       1.1132700              0.6817020        

s       0.5402050             -0.2631270        
s       0.1022550              1.1433900        

s       0.0285650              1.0000000        

p       0.5402050              0.1615460        
p       0.1022550              0.9156630        

p       0.0285650              1.0000000        

Be 4 5 3 2 1 2 1

s      71.8876000              0.0644263        
s      10.7289000              0.3660960        
s       2.2220500              0.6959340        

s       1.2954800             -0.4210640        
s       0.2688810              1.2240700        

s       0.0773500              1.0000000        

p       1.2954800              0.2051320        
p       0.2688810              0.8825280        

p       0.0773500              1.0000000        

B 5 5 3 2 1 2 1

s     116.4340000              0.0629605        
s      17.4314000              0.3633040        
s       3.6801600              0.6972550        

s       2.2818700             -0.3686620        
s       0.4652480              1.1994400        

s       0.1243280              1.0000000        

p       2.2818700              0.2311520        
p       0.4652480              0.8667640        

p       0.1243280              1.0000000        

C 6 5 3 2 1 2 1

s     172.2560000              0.0617669        
s      25.9109000              0.3587940        
s       5.5333500              0.7007130        

s       3.6649800             -0.3958970        
s       0.7705450              1.2158400        

s       0.1958570              1.0000000        

p       3.6649800              0.2364600        
p       0.7705450              0.8606190        

p       0.1958570              1.0000000        

N 7 5 3 2 1 2 1

s     242.7660000              0.0598657        
s      36.4851000              0.3529550        
s       7.8144900              0.7065130        

s       5.4252200             -0.4133010        
s       1.1491500              1.2244200        

s       0.2832050              1.0000000        

p       5.4252200              0.2379720        
p       1.1491500              0.8589530        

p       0.2832050              1.0000000        

O 8 5 3 2 1 2 1

s     322.0370000              0.0592394        
s      48.4308000              0.3515000        
s      10.4206000              0.7076580        

s       7.4029400             -0.4044530        
s       1.5762000              1.2215600        

s       0.3736840              1.0000000        

p       7.4029400              0.2445860        
p       1.5762000              0.8539550        

p       0.3736840              1.0000000        

F 9 5 3 2 1 2 1

s     413.8010000              0.0585483        
s      62.2446000              0.3493080        
s      13.4340000              0.7096320        

s       9.7775900             -0.4073270        
s       2.0861700              1.2231400        

s       0.4823830              1.0000000        

p       9.7775900              0.2466800        
p       2.0861700              0.8523210        

p       0.4823830              1.0000000        

Ne 10 5 3 2 1 2 1

s     515.7240000              0.0581430        
s      77.6538000              0.3479510        
s      16.8136000              0.7107140        

s      12.4830000             -0.4099220        
s       2.6645100              1.2243100        

s       0.6062500              1.0000000        

p      12.4830000              0.2474600        
p       2.6645100              0.8517430        

p       0.6062500              1.0000000        

Na 11 7 3 3 2 1 3 2 1

s     547.6130000              0.0674911        
s      82.0678000              0.3935050        
s      17.6917000              0.6656050        

s      17.5407000             -0.1119370        
s       3.7939800              0.2546540        
s       0.9064410              0.8444170        

s       0.5018240             -0.2196600        
s       0.0609458              1.0891200        

s       0.0244349              1.0000000        

p      17.5407000              0.1282330        
p       3.7939800              0.4715330        
p       0.9064410              0.6042730        

p       0.5018240              0.0090665        
p       0.0609458              0.9972020        

p       0.0244349              1.0000000        

Mg 12 7 3 3 2 1 3 2 1

s     652.8410000              0.0675982        
s      98.3805000              0.3917780        
s      21.2996000              0.6666610        

s      23.3727000             -0.1102460        
s       5.1995300              0.1841190        
s       1.3150800              0.8963990        

s       0.6113490             -0.3611010        
s       0.1418410              1.2150500        

s       0.0464011              1.0000000        

p      23.3727000              0.1210140        
p       5.1995300              0.4628100        
p       1.3150800              0.6069070        

p       0.6113490              0.0242633        
p       0.1418410              0.9866730        

p       0.0464011              1.0000000        

Al 13 7 3 3 2 1 3 2 1

s     775.7370000              0.0668347        
s     116.9520000              0.3890610        
s      25.3326000              0.6694680        

s      29.4796000             -0.1079020        
s       6.6331400              0.1462450        
s       1.7267500              0.9237300        

s       0.9461600             -0.3203270        
s       0.2025060              1.1841200        

s       0.0639088              1.0000000        

p      29.4796000              0.1175740        
p       6.6331400              0.4611740        
p       1.7267500              0.6055350        

p       0.9461600              0.0519383        
p       0.2025060              0.9726600        

p       0.0639088              1.0000000        

Si 14 7 3 3 2 1 3 2 1

s     910.6550000              0.0660823        
s     137.3360000              0.3862290        
s      29.7601000              0.6723800        

s      36.6716000             -0.1045110        
s       8.3172900              0.1074100        
s       2.2164500              0.9514460        

s       1.0791300             -0.3761080        
s       0.3024220              1.2516500        

s       0.0933392              1.0000000        

p      36.6716000              0.1133550        
p       8.3172900              0.4575780        
p       2.2164500              0.6074270        

p       1.0791300              0.0671030        
p       0.3024220              0.9568830        

p       0.0933392              1.0000000        

P 15 7 3 3 2 1 3 2 1

s    1054.9000000              0.0655410        
s     159.1950000              0.3840360        
s      34.5304000              0.6745410        

s      44.2866000             -0.1021300        
s      10.1019000              0.0815920        
s       2.7399700              0.9697880        

s       1.2186500             -0.3714950        
s       0.3955460              1.2709900        

s       0.1228110              1.0000000        

p      44.2866000              0.1108510        
p      10.1019000              0.4564950        
p       2.7399700              0.6069360        

p       1.2186500              0.0915820        
p       0.3955460              0.9349240        

p       0.1228110              1.0000000        

S 16 7 3 3 2 1 3 2 1

s    1210.6200000              0.0650070        
s     182.7470000              0.3820400        
s      39.6673000              0.6765450        

s      52.2236000             -0.1003100        
s      11.9629000              0.0650880        
s       3.2891100              0.9814550        

s       1.2238400             -0.2860890        
s       0.4573030              1.2280600        

s       0.1422690              1.0000000        

p      52.2236000              0.1096460        
p      11.9629000              0.4576490        
p       3.2891100              0.6042610        

p       1.2238400              0.1647770        
p       0.4573030              0.8708550        

p       0.1422690              1.0000000        

Cl 17 7 3 3 2 1 3 2 1

s    1376.4000000              0.0645827        
s     207.8570000              0.3803630        
s      45.1554000              0.6781900        

s      60.8014000             -0.0987639        
s      13.9765000              0.0511338        
s       3.8871000              0.9913370        

s       1.3529900             -0.2224010        
s       0.5269550              1.1825200        

s       0.1667140              1.0000000        

p      60.8014000              0.1085980        
p      13.9765000              0.4586820        
p       3.8871000              0.6019620        

p       1.3529900              0.2192160        
p       0.5269550              0.8223210        

p       0.1667140              1.0000000        

Ar 18 7 3 3 2 1 3 2 1

s    1553.7100000              0.0641707        
s     234.6780000              0.3787970        
s      51.0121000              0.6797520        

s      70.0453000             -0.0974661        
s      16.1473000              0.0390569        
s       4.5349200              0.9999160        

s       1.5420900             -0.1768660        
s       0.6072670              1.1469000        

s       0.1953730              1.0000000        

p      70.0453000              0.1076190        
p      16.1473000              0.4595760        
p       4.5349200              0.6000410        

p       1.5420900              0.2556870        
p       0.6072670              0.7898420        

p       0.1953730              1.0000000        

K 19 9 3 3 3 2 1 3 3 2 1

s    1721.1755000              0.0648747        
s     260.0163300              0.3808593        
s      56.6245540              0.6773681        

s      71.5572000             -0.1093429        
s      15.4389400              0.1130640        
s       4.4745510              0.9462575        

s       4.1212750             -0.2699730        
s       1.1886210              0.3646323        
s       0.3756740              0.8107533        

s       0.2445770             -0.2688250        
s       0.0389720              1.1289830        

s       0.0160630              1.0000000        

p      71.5572000              0.1339654        
p      15.4389400              0.5302673        
p       4.4745510              0.5117992        

p       4.1212750              0.01994922       
p       1.1886210              0.43402130       
p       0.3756740              0.64532260       

p       0.2445770              0.0003081035     
p       0.0389720              0.9998787        

p       0.0160630              1.0000000        

Ca 20 9 3 3 3 2 1 3 3 2 1

s    1915.4348000              0.0646240        
s     289.5332400              0.3798380        
s      63.1063520              0.6783290        

s      80.3974400             -0.1093030        
s      17.3307500              0.1089000        
s       5.0836240              0.9492770        

s       4.7822290             -0.2816070        
s       1.4625580              0.3410510        
s       0.4792230              0.8381040        

s       0.4396820             -0.2697050        
s       0.0591300              1.1132930        

s       0.0238970              1.0000000        

p      80.3974400              0.1354330        
p      17.3307500              0.5372220        
p       5.0836240              0.5018040        

p       4.7822290              0.0190090        
p       1.4625580              0.4360380        
p       0.4792230              0.6386710        

p       0.4396820              0.0003080        
p       0.0591300              0.9998960        

p       0.0238970              1.0000000        

Sc 21 11 3 3 3 2 1 3 3 2 1 2 1

s    2119.8870000              0.0644210        
s     320.4299000              0.3791600        
s      69.8989300              0.6789630        

s      89.7645000             -0.1093840        
s      19.3851000              0.1050700        
s       5.7314230              0.9522050        

s       5.4919380             -0.2852110        
s       1.7437420              0.3241550        
s       0.5662270              0.8565920        

s       0.5168020             -0.2626780        
s       0.0672140              1.1080790        

s       0.0259850              1.0000000        

p      89.7645000              0.1363280        
p      19.3851000              0.5418600        
p       5.7314230              0.4950550        

p       5.4919380              0.0176140        
p       1.7437420              0.4336450        
p       0.5662270              0.6425510        

p       0.5168020              0.0003270        
p       0.0672140              0.9998930        

p       0.0259850              1.0000000        

d       5.7222150              0.2652360        
d       1.3608490              0.8558610        

d       0.3226520              1.0000000        

Ti 22 11 3 3 3 2 1 3 3 2 1 2 1

s    2335.0200000              0.0642170        
s     353.0441000              0.3784120        
s      77.0584500              0.6796810        

s      99.5738700             -0.1094720        
s      21.5467100              0.1019430        
s       6.4139650              0.9546220        

s       6.2382790             -0.2861370        
s       1.9961080              0.3218280        
s       0.6464900              0.8595510        

s       0.5732850             -0.2424500        
s       0.0731190              1.1000750        

s       0.0265380              1.0000000        

p      99.5738700              0.1372970        
p      21.5467100              0.5458750        
p       6.4139650              0.4890680        

p       6.2382790              0.0192370        
p       1.9961080              0.4404420        
p       0.6464900              0.6356200        

p       0.5732850              0.0002920        
p       0.0731190              0.9999070        

p       0.0265380              1.0000000        

d       7.0836660              0.2629210        
d       1.7096340              0.8557720        

d       0.4141230              1.0000000        

V 23 11 3 3 3 2 1 3 3 2 1 2 1

s    2563.8770000              0.0639480        
s     387.5340000              0.3775940        
s      84.5982300              0.6805420        

s     109.7938000             -0.1098360        
s      23.7692100              0.1007070        
s       7.1229610              0.9556330        

s       6.9812040             -0.2884590        
s       2.2198390              0.3364360        
s       0.7198030              0.8481900        

s       0.6312620             -0.2364900        
s       0.0800620              1.0977210        

s       0.0288650              1.0000000        

p     109.7938000              0.1384210        
p      23.7692100              0.5504890        
p       7.1229610              0.4824170        

p       6.9812040              0.0218210        
p       2.2198390              0.4567620        
p       0.7198030              0.6186750        

p       0.6312620              0.0001900        
p       0.0800620              0.9999400        

p       0.0288650              1.0000000        

d       8.3429170              0.2640620        
d       2.0329440              0.8539660        

d       0.4957120              1.0000000        

Cr 24 11 3 3 3 2 1 3 3 2 1 2 1

s    2798.2940000              0.0638240        
s     423.1370000              0.3770840        
s      92.4388600              0.6809890        

s     120.2806000             -0.1177790        
s      26.0372700              0.1014310        
s       7.8441720              0.9571980        

s       7.7932760             -0.2888570        
s       2.4971960              0.3351150        
s       0.8051420              0.8502480        

s       0.7039210             -0.2322510        
s       0.0861620              1.0936710        

s       0.0321990              1.0000000        

p     120.2806000              0.1398780        
p      26.0372700              0.5559830        
p       7.8441720              0.4748180        

p       7.7932760              0.0221850        
p       2.4971960              0.4616250        
p       0.8051420              0.6145390        

p       0.7039210              0.0001800        
p       0.0861620              0.9999450        

p       0.0321990              1.0000000        

d       9.6253390              0.2655960        
d       2.3622640              0.8521560        

d       0.5770940              1.0000000        

Mn 25 11 3 3 3 2 1 3 3 2 1 2 1

s    3041.6860000              0.0637450        
s     460.0901000              0.3767490        
s     100.5958000              0.6812470        

s     131.7673000             -0.1102960        
s      28.5691500              0.0981900        
s       8.6605010              0.9576590        

s       8.5690810             -0.2917140        
s       2.7681780              0.3439630        
s       0.8872880              0.8451980        

s       0.7674430             -0.2300040        
s       0.0920250              1.0914500        

s       0.0332650              1.0000000        

p     131.7673000              0.1404540        
p      28.5691500              0.5578020        
p       8.6605010              0.4715010        

p       8.5690810              0.0242240        
p       2.7681780              0.4686600        
p       0.8872880              0.6074210        

p       0.7674430              0.0003080        
p       0.0920250              0.9999070        

p       0.0332650              1.0000000        

d      11.0688400              0.2652720        
d       2.7307070              0.8517950        

d       0.6685090              1.0000000        

Fe 26 11 3 3 3 2 1 3 3 2 1 2 1

s    3299.1840000              0.0635860        
s     499.0886000              0.3762020        
s     109.1614000              0.6817850        

s     143.4652000             -0.1105520        
s      31.1685800              0.0968470        
s       9.4836120              0.9587970        

s       9.4645650             -0.2920560        
s       3.1003730              0.3375240        
s       0.9864930              0.8519420        

s       0.8534120             -0.2279440        
s       0.0988120              1.0882870        

s       0.0364420              1.0000000        

p     143.4652000              0.1411010        
p      31.1685800              0.5603870        
p       9.4836120              0.4676440        

p       9.4645650              0.0237620        
p       3.1003730              0.4689110        
p       0.9864930              0.6083110        

p       0.8534120             -0.0004260        
p       0.0988120              1.0001240        

p       0.0364420              1.0000000        

d      12.3544900              0.2686110        
d       3.0556050              0.8492720        

d       0.7385910              1.0000000        

Co 27 11 3 3 3 2 1 3 3 2 1 2 1

s    3564.7620000              0.0634870        
s     539.3908000              0.3758180        
s     118.0449000              0.6821220        

s     155.4382000             -0.1109870        
s      33.8156100              0.0967670        
s      10.3332300              0.9589920        

s      10.3815200             -0.2922620        
s       3.3827140              0.3432510        
s       1.0769540              0.8469630        

s       0.9090150             -0.2174600        
s       0.1050410              1.0849980        

s       0.0372570              1.0000000        

p     155.4382000              0.1420640        
p      33.8156100              0.5634440        
p      10.3332300              0.4630240        

p      10.3815200              0.0263130        
p       3.3827140              0.4769170        
p       1.0769540              0.5991540        

p       0.9090150              0.0002280        
p       0.1050410              0.9999340        

p       0.0372570              1.0000000        

d      13.7407000              0.2709550        
d       3.4089830              0.8473420        

d       0.8186410              1.0000000        

Ni 28 11 3 3 3 2 1 3 3 2 1 2 1

s    3848.0050000              0.0632660        
s     582.0307000              0.3751710        
s     127.3674000              0.6828240        

s     168.2896000             -0.1111150        
s      36.6563300              0.0953240        
s      11.2321200              0.9601610        

s      11.3587700             -0.2920600        
s       3.7388460              0.3375410        
s       1.1824630              0.8525330        

s       0.9889040             -0.2136870        
s       0.1110250              1.0819330        

s       0.0392580              1.0000000        

p     168.2896000              0.1424900        
p      36.6563300              0.5655470        
p      11.2321200              0.4599930        

p      11.3587700              0.0261380        
p       3.7388460              0.4765980        
p       1.1824630              0.6003800        

p       0.9889040              0.0002940        
p       0.1110250              0.9999170        

p       0.0392580              1.0000000        

d      15.2206900              0.2726060        
d       3.7860200              0.8459280        

d       0.9045570              1.0000000        

Cu 29 11 3 3 3 2 1 3 3 2 1 2 1

s    4134.3020000              0.0631880        
s     625.4912000              0.3748450        
s     136.9556000              0.6831000        

s     181.4960000             -0.1113200        
s      39.5743100              0.0944870        
s      12.1624600              0.9608790        

s      12.3511100             -0.2922230        
s       4.0496510              0.3429910        
s       1.2792250              0.8479460        

s       1.0498040             -0.2065080        
s       0.1169330              1.0792730        

s       0.0007510              1.0000000        

p     181.4960000              0.1430840        
p      39.5743100              0.5677560        
p      12.1624600              0.4567140        

p      12.3511100              0.0277270        
p       4.0496510              0.4835240        
p       1.2792250              0.5929780        

p       1.0498040              0.0001390        
p       0.1169330              0.9999610        

p       0.0007510              1.0000000        

d      16.7593800              0.2741120        
d       4.1789770              0.8446250        

d       0.9943270              1.0000000        

Zn 30 11 3 3 3 2 1 3 3 2 1 2 1

s    4432.2880000              0.0630930        
s     670.6601000              0.3745040        
s     146.9024000              0.6834160        

s     195.0042000             -0.1116280        
s      42.5688900              0.0943360        
s      13.1214300              0.9611000        

s      13.4023100             -0.2917810        
s       4.3999060              0.3426140        
s       1.3851480              0.8482840        

s       1.1215580             -0.2023710        
s       0.1229440              1.0770350        

s       0.0421930              1.0000000        

p     195.0042000              0.1438060        
p      42.5688900              0.5700020        
p      13.1214300              0.4533120        

p      13.4023100              0.0287050        
p       4.3999060              0.4862520        
p       1.3851480              0.5902350        

p       1.1215580              0.0003440        
p       0.1229440              0.9999050        

p       0.0421930              1.0000000        

d      18.3682000              0.2753860        
d       4.5913040              0.8434770        

d       1.0902030              1.0000000        

Ga 31 10 3 3 3 2 1 3 3 2 1 3

s    4751.8979000              0.0628400        
s     718.9205400              0.3736110        
s     157.4459200              0.6843630        

s     209.5834000             -0.1115160        
s      45.6917100              0.0926960        
s      14.1329700              0.9622870        

s      14.5995400              0.2910290        
s       4.8608420             -0.3231880        
s       1.5491110             -0.8643910        

s       1.2679430             -0.2851310        
s       0.1883990              1.1280220        

s       0.0572370              1.0000000        

p     209.5834000              0.1442660        
p      45.6917100              0.5731780        
p      14.1329700              0.4490860        

p      14.5995400              0.0265620        
p       4.8608420              0.4833140        
p       1.5491110              0.5924300        

p       1.2679430              0.0301830        
p       0.1883990              0.9884660        

p       0.0572370              1.0000000        

d      21.2925300              0.1619900        
d       5.3931660              0.5116740        
d       1.3338830              0.5898730        

Ge 32 10 3 3 3 2 1 3 3 2 1 3

s    5073.7499000              0.0627250        
s     767.7241700              0.3731670        
s     168.1888100              0.6847870        

s     224.4360000             -0.1115150        
s      48.9554300              0.0912000        
s      15.1837000              0.9634490        

s      15.9125700             -0.2895650        
s       5.4414370              0.2938830        
s       1.7426030              0.8891990        

s       1.4665380             -0.3967340        
s       0.2630930              1.1906700        

s       0.0848210              1.0000000        

p     224.4360000              0.1446400        
p      48.9554300              0.5753800        
p      15.1837000              0.4459950        

p      15.9125700              0.0229730        
p       5.4414370              0.4732450        
p       1.7426030              0.6032780        

p       1.4665380              0.0278930        
p       0.2630930              0.9874900        

p       0.0848210              1.0000000        

d      24.3214210              0.1577990        
d       6.2238140              0.5114920        
d       1.5887370              0.5857700        

As 33 10 3 3 3 2 1 3 3 2 1 3

s    5407.6138000              0.0626010        
s     818.1743600              0.3727790        
s     179.2656900              0.6851840        

s     237.7783000             -0.1128380        
s      54.2566200              0.0872270        
s      16.3280300              0.9681880        

s      17.1018500             -0.2914540        
s       5.8051440              0.2969620        
s       1.9020840              0.8865790        

s       1.6754040             -0.5057610        
s       0.3416560              1.2517640        

s       0.1136300              1.0000000        

p     237.7783000              0.1496800        
p      54.2566200              0.5623220        
p      16.3280300              0.4593230        

p      17.1018500              0.0256860        
p       5.8051440              0.4833970        
p       1.9020840              0.5887850        

p       1.6754040              0.0252820        
p       0.3416560              0.9874330        

p       0.1136300              1.0000000        

d      27.4372090              0.1544950        
d       7.0840440              0.5114320        
d       1.8558230              0.5821940        

Se 34 10 3 3 3 2 1 3 3 2 1 3

s    5751.3215000              0.0624930        
s     870.2572100              0.3723680        
s     190.7294900              0.6855800        

s     255.0164000             -0.1119080        
s      55.5765400              0.0909990        
s      17.3566100              0.9636680        

s      18.4456800             -0.2917930        
s       6.3287590              0.2846210        
s       2.0967580              0.8973050        

s       1.8726330             -0.5677640        
s       0.4174740              1.2941270        

s       0.1370910              1.0000000        

p     255.0164000              0.1461490        
p      55.5765400              0.5813710        
p      17.3566100              0.4374600        

p      18.4456800              0.0244210        
p       6.3287590              0.4833650        
p       2.0967580              0.5879040        

p       1.8726330              0.0282550        
p       0.4174740              0.9849060        

p       0.1370910              1.0000000        

d      30.6274640              0.1519860        
d       7.9712760              0.5116400        
d       2.1348100              0.5786940        

Br 35 10 3 3 3 2 1 3 3 2 1 3

s    6103.2899000              0.0624180        
s     923.6974300              0.3720410        
s     202.5203100              0.6858730        

s     270.6015000             -0.1121490        
s      58.2535700              0.0931450        
s      18.4693300              0.9616790        

s      19.7614200             -0.2938700        
s       6.8217520              0.2802660        
s       2.2916290              0.9020360        

s       2.1312060             -0.6518030        
s       0.4993540              1.3360120        

s       0.1647640              1.0000000        

p     270.6015000              0.1477510        
p      58.2535700              0.6010560        
p      18.4693300              0.4128700        

p      19.7614200              0.0250070        
p       6.8217520              0.4866100        
p       2.2916290              0.5824230        

p       2.1312060              0.0287080        
p       0.4993540              0.9840700        

p       0.1647640              1.0000000        

d      33.9650970              0.1496670        
d       8.9008310              0.5117480        
d       2.4284360              0.5759150        

Kr 36 10 3 3 3 2 1 3 3 2 1 3

s    6446.6307000              0.0625400        
s     976.8757000              0.3721070        
s     214.4795500              0.6856110        

s     287.6446000             -0.1120610        
s      62.6200900              0.0901390        
s      19.6917400              0.9643300        

s      21.1232100             -0.2958170        
s       7.3032860              0.2792170        
s       2.4888500              0.9037300        

s       2.3613740             -0.7202450        
s       0.5860160              1.3768460        

s       0.1944470              1.0000000        

p     287.6446000              0.1475280        
p      62.6200900              0.5868920        
p      19.6917400              0.4295070        

p      21.1232100              0.0260700        
p       7.3032860              0.4922500        
p       2.4888500              0.5742740        

p       2.3613740              0.0287750        
p       0.5860160              0.9833390        

p       0.1944470              1.0000000        

d      37.3681030              0.1479470        
d       9.8543130              0.5121720        
d       2.7327950              0.5729500        

Rb 37 12 3 3 3 3 2 1 3 3 3 2 1 3

s    6816.7225000              0.0624960        
s    1033.0007000              0.3719500        
s     226.9086100              0.6857290        

s     304.1283000             -0.1123300        
s      66.2605800              0.0907510        
s      20.9194500              0.9639410        

s      22.4653300             -0.3004850        
s       7.8774680              0.2783570        
s       2.7052710              0.9076100        

s       2.6921160             -0.3311620        
s       0.7230560              0.5096990        
s       0.2598380              0.6982460        

s       0.1897140             -0.2711930        
s       0.0339970              1.1415500        

s       0.0147120              1.0000000        

p     304.1283000              0.1484410        
p      66.2605800              0.5891250        
p      20.9194500              0.4258250        

p      22.4653300              0.0244540        
p       7.8774680              0.4944540        
p       2.7052710              0.5718570        

p       2.6921160              0.0119010        
p       0.7230560              0.4951730        
p       0.2598380              0.5737240        

p       0.1897140              0.0003080        
p       0.0339970              0.9998650        

p       0.0147120              1.0000000        

d      40.8660310              0.1466040        
d      10.8408850              0.5127250        
d       3.0508340              0.5699800        

Sr 38 12 3 3 3 3 2 1 3 3 3 2 1 3

s    7215.4735000              0.0622820        
s    1092.8519000              0.3713100        
s     239.9818200              0.6864440        

s     322.1246000             -0.1122350        
s      70.0904600              0.0895440        
s      22.1764100              0.9648130        

s      23.9276300             -0.3024720        
s       8.4751140              0.2700840        
s       2.9429340              0.9159200        

s       2.9409660             -0.3519850        
s       0.8523560              0.4972550        
s       0.3215370              0.7238600        

s       0.3480420             -0.2851470        
s       0.0481770              1.1209390        

s       0.0218030              1.0000000        

p     322.1246000              0.1488370        
p      70.0904600              0.5919470        
p      22.1764100              0.4221710        

p      23.9276300              0.0248370        
p       8.4751140              0.4934780        
p       2.9429340              0.5709830        

p       2.9409660              0.0097230        
p       0.8523560              0.4983220        
p       0.3215370              0.5650560        

p       0.3480420              0.0003080        
p       0.0481770              0.9998930        

p       0.0218030              1.0000000        

d      44.5661150              0.1451270        
d      11.8814890              0.5130680        
d       3.3875580              0.5676640        

Y 39 14 3 3 3 3 2 1 3 3 3 2 1 3 2 1

s    7646.4210000              0.0618910        
s    1156.8630000              0.3702070        
s     253.7152000              0.6877560        

s     341.8540000             -0.1119000        
s      74.2098600              0.0868050        
s      23.5135200              0.9667850        

s      18.8626000             -1.4778730        
s      16.4540500              1.3472590        
s       3.4845000              1.0062310        

s       3.2217330             -0.3699580        
s       1.0507050              0.4308640        
s       0.3925920              0.8020870        

s       0.4327640             -0.3464580        
s       0.0570120              1.1327770        

s       0.0237540              1.0000000        

p     341.8540000              0.1485720        
p      74.2098600              0.5943070        
p      23.5135200              0.4196040        

p      18.8626000             -0.7041410        
p      16.4540500              1.0578620        
p       3.4845000              0.7393820        

p       3.2217330              0.0024940        
p       1.0507050              0.4537620        
p       0.3925920              0.6130680        

p       0.4327640             -0.0013370        
p       0.0570120              1.0004400        

p       0.0237540              1.0000000        

d      50.3537500              0.1367960        
d      13.5307800              0.5019060        
d       3.9449960              0.5788600        

d       1.5301370              0.3384030        
d       0.6300670              0.7293290        

d       0.2165880              1.0000000        

Zr 40 14 3 3 3 3 2 1 3 3 3 2 1 3 2 1

s    8084.5920000              0.0615780        
s    1221.6680000              0.3693990        
s     267.6917000              0.6887280        

s     361.0212000             -0.1119070        
s      78.3049500              0.0858400        
s      24.8452300              0.9675130        

s      20.0062800             -1.5443490        
s      17.5741500              1.4095960        
s       3.7429850              1.0093490        

s       3.5547880             -0.3793870        
s       1.1789920              0.4232850        
s       0.4446970              0.8140680        

s       0.5050490             -0.3295120        
s       0.0621160              1.1207090        

s       0.0255800              1.0000000        

p     361.0212000              0.1487620        
p      78.3049500              0.5965690        
p      24.8452300              0.4167850        

p      20.0062800             -0.7568480        
p      17.5741500              1.1120900        
p       3.7429850              0.7368020        

p       3.5547880              0.0025990        
p       1.1789920              0.4599760        
p       0.4446970              0.6058490        

p       0.5050490             -0.0012490        
p       0.0621160              1.0003840        

p       0.0255800              1.0000000        

d      54.7232300              0.1348240        
d      14.7741600              0.5005540        
d       4.3589610              0.5787820        

d       1.8628420              0.2850320        
d       0.6433130              0.7972070        

d       0.1993950              1.0000000        

Nb 41 14 3 3 3 3 2 1 3 3 3 2 1 3 2 1

s    8466.5170000              0.0618040        
s    1281.2610000              0.3698050        
s     281.2311000              0.6880790        

s     379.4729000             -0.1121060        
s      82.3358900              0.0865030        
s      26.2224800              0.9670570        

s      21.1629400             -1.5551310        
s      18.5897800              1.4179390        
s       4.0099810              1.0106200        

s       3.8363750             -0.3891040        
s       1.3033250              0.4349700        
s       0.4934310              0.8115900        

s       0.5723730             -0.3156090        
s       0.0682030              1.1140470        

s       0.0271570              1.0000000        

p     379.4729000              0.1496670        
p      82.3358900              0.5987180        
p      26.2224800              0.4132380        

p      21.1629400             -0.7554620        
p      18.5897800              1.1139660        
p       4.0099810              0.7327670        

p       3.8363750              0.0032900        
p       1.3033250              0.4716450        
p       0.4934310              0.5936990        

p       0.5723730             -0.0011330        
p       0.0682030              1.0003380        

p       0.0271570              1.0000000        

d      59.0121900              0.1337100        
d      16.0127900              0.5000390        
d       4.7771850              0.5775380        

d       1.9704430              0.3106810        
d       0.6619350              0.7800690        

d       0.2059970              1.0000000        

Mo 42 14 3 3 3 3 2 1 3 3 3 2 1 3 2 1

s    8899.4910000              0.0617060        
s    1346.7640000              0.3694540        
s     295.6352000              0.6884340        

s     399.3139000             -0.1121440        
s      86.5935600              0.0860110        
s      27.6390400              0.9674330        

s      22.5029200             -1.4223060        
s      19.4917100              1.2841850        
s       4.2781800              1.0108660        

s       4.1630210             -0.3964230        
s       1.4353050              0.4370790        
s       0.5437820              0.8148460        

s       0.6318010             -0.3033620        
s       0.0732580              1.1084130        

s       0.0280250              1.0000000        

p     399.3139000              0.1500660        
p      86.5935600              0.6007690        
p      27.6390400              0.4103860        

p      22.5029200             -0.6680660        
p      19.4917100              1.0303460        
p       4.2781800              0.7283480        

p       4.1630210              0.0029630        
p       1.4353050              0.4791470        
p       0.5437820              0.5864870        

p       0.6318010             -0.0010790        
p       0.0732580              1.0003130        

p       0.0280250              1.0000000        

d      63.7804500              0.1317390        
d      17.3735800              0.4985320        
d       5.2307840              0.5781780        

d       2.2709370              0.3112640        
d       0.7546530              0.7810340        

d       0.2351420              1.0000000        

Tc 43 14 3 3 3 3 2 1 3 3 3 2 1 3 2 1

s    9329.4820000              0.0617120        
s    1412.5060000              0.3693370        
s     310.2643000              0.6884720        

s     418.8175000             -0.1124030        
s      91.2507800              0.0853180        
s      29.1121200              0.9681770        

s      25.9106400             -1.3804460        
s      23.2677000              1.1979000        
s       4.7070830              1.0526490        

s       4.4411380             -0.4041140        
s       1.5956390              0.4398380        
s       0.5955600              0.8219360        

s       0.6738810             -0.2700030        
s       0.0772410              1.0991500        

s       0.0286960              1.0000000        

p     418.8175000              0.1500720        
p      91.2507800              0.6000570        
p      29.1121200              0.4109860        

p      25.9106400             -1.6552710        
p      23.2677000              1.9860200        
p       4.7070830              0.7290340        

p       4.4411380              0.0122910        
p       1.5956390              0.4632070        
p       0.5955600              0.5983830        

p       0.6738810             -0.0009200        
p       0.0772410              1.0002640        

p       0.0286960              1.0000000        

d      68.7837500              0.1296930        
d      18.8038900              0.4966190        
d       5.7052280              0.5795470        

d       2.5991640              0.3092190        
d       0.8622760              0.7829060        

d       0.2706070              1.0000000        

Ru 44 14 3 3 3 3 2 1 3 3 3 2 1 3 2 1

s    9786.1610000              0.0616050        
s    1481.4770000              0.3689820        
s     325.4122000              0.6888450        

s     439.8665000             -0.1123910        
s      95.7627300              0.0846940        
s      30.6056600              0.9686380        

s      27.2773700             -1.3955530        
s      24.5108200              1.2108520        
s       5.0089460              1.0540450        

s       4.7658120             -0.4103630        
s       1.7345310              0.4480030        
s       0.6466360              0.8198080        

s       0.7406620             -0.2639660        
s       0.0821710              1.0948570        

s       0.0300970              1.0000000        

p     439.8665000              0.1503790        
p      95.7627300              0.6019290        
p      30.6056600              0.4084640        

p      27.2773700             -1.6686180        
p      24.5108200              2.0027900        
p       5.0089460              0.7251440        

p       4.7658120              0.0112740        
p       1.7345310              0.4727030        
p       0.6466360              0.5898430        

p       0.7406620             -0.0007620        
p       0.0821710              1.0002120        

p       0.0300970              1.0000000        

d      73.9833000              0.1277600        
d      20.2814900              0.4951470        
d       6.1942980              0.5806550        

d       2.8891080              0.3159940        
d       0.9539610              0.7780660        

d       0.2958810              1.0000000        

Rh 45 14 3 3 3 3 2 1 3 3 3 2 1 3 2 1

s   10217.7100000              0.0617320        
s    1548.4120000              0.3691530        
s     340.4990000              0.6885140        

s     460.7593000             -0.1124460        
s     100.3289000              0.0843810        
s      32.1397100              0.9689020        

s      28.7932900             -1.4040910        
s      25.9176800              1.2161690        
s       5.3206400              1.0565550        

s       5.1097480             -0.4126470        
s       1.8754140              0.4518850        
s       0.6995580              0.8188990        

s       0.8005710             -0.2553480        
s       0.0873210              1.0913080        

s       0.0314070              1.0000000        

p     460.7593000              0.1508580        
p     100.3289000              0.6035140        
p      32.1397100              0.4060250        

p      28.7932900             -1.7122180        
p      25.9176800              2.0476030        
p       5.3206400              0.7229830        

p       5.1097480              0.0093740        
p       1.8754140              0.4815540        
p       0.6995580              0.5822310        

p       0.8005710             -0.0007760        
p       0.0873210              1.0002120        

p       0.0314070              1.0000000        

d      79.2559700              0.1261900        
d      21.7894500              0.4939540        
d       6.6975180              0.5813300        

d       3.1909080              0.3210400        
d       1.0545750              0.7738520        

d       0.3260790              1.0000000        

Pd 46 14 3 3 3 3 2 1 3 3 3 2 1 3 2 1

s   10728.7400000              0.0614290        
s    1624.0740000              0.3683280        
s     356.7937000              0.6895030        

s     482.4783000             -0.1126790        
s     105.0590000              0.0846120        
s      33.6814500              0.9687870        

s      30.1865400             -1.4185470        
s      27.1664200              1.2294440        
s       5.6359340              1.0570830        

s       5.4753740             -0.4172610        
s       1.9976040              0.4705880        
s       0.7439300              0.8046360        

s       0.8901630             -0.2784320        
s       0.0928210              1.0930280        

s       0.0337740              1.0000000        

p     482.4783000              0.1510790        
p     105.0590000              0.6050920        
p      33.6814500              0.4039800        

p      30.1865400             -1.7098170        
p      27.1664200              2.0493080        
p       5.6359340              0.7186300        

p       5.4753740              0.0115840        
p       1.9976040              0.4974550        
p       0.7439300              0.5655270        

p       0.8901630             -0.0012720        
p       0.0928210              1.0003320        

p       0.0337740              1.0000000        

d      84.2369100              0.1256430        
d      23.2491900              0.4937200        
d       7.1967600              0.5803430        

d       3.4730770              0.3281540        
d       1.1480500              0.7680270        

d       0.3548110              1.0000000        

Ag 47 14 3 3 3 3 2 1 3 3 3 2 1 3 2 1

s   11190.7800000              0.0614950        
s    1695.0770000              0.3684050        
s     372.6752000              0.6893250        

s     504.6162000             -0.1126580        
s     109.8718000              0.0840280        
s      35.2951300              0.9692340        

s      31.5687700             -1.4220280        
s      28.3439700              1.2340980        
s       5.9451270              1.0556830        

s       5.8002560             -0.4196170        
s       2.1272560              0.4843500        
s       0.7935510              0.7952030        

s       0.9285440             -0.2523000        
s       0.0972550              1.0873920        

s       0.0349330              1.0000000        

p     504.6162000              0.1514800        
p     109.8718000              0.6065140        
p      35.2951300              0.4018300        

p      31.5687700             -1.6733660        
p      28.3439700              2.0189760        
p       5.9451270              0.7126890        

p       5.8002560              0.0143040        
p       2.1272560              0.5071940        
p       0.7935510              0.5539740        

p       0.9285440             -0.0014810        
p       0.0972550              1.0003880        

p       0.0349330              1.0000000        

d      89.9333500              0.1240160        
d      24.8749600              0.4923830        
d       7.7381910              0.5814970        

d       3.7965570              0.3314260        
d       1.2566440              0.7651630        

d       0.3881330              1.0000000        

Cd 48 14 3 3 3 3 2 1 3 3 3 2 1 3 2 1

s   11686.0900000              0.0614270        
s    1770.1110000              0.3681570        
s     389.2090000              0.6895720        

s     527.6004000             -0.1125920        
s     114.8329000              0.0832700        
s      36.9582900              0.9697980        

s      33.0154800             -1.4064710        
s      29.5454300              1.2181560        
s       6.2785080              1.0555200        

s       6.1505960             -0.4229210        
s       2.2597460              0.4987710        
s       0.8414260              0.7850760        

s       0.9490690             -0.2215550        
s       0.1014880              1.0809440        

s       0.0359870              1.0000000        

p     527.6004000              0.1518050        
p     114.8329000              0.6077600        
p      36.9582900              0.3999630        

p      33.0154800             -1.6090240        
p      29.5454300              1.9595680        
p       6.2785080              0.7080270        

p       6.1505960              0.0144820        
p       2.2597460              0.5186610        
p       0.8414260              0.5426660        

p       0.9490690             -0.0015400        
p       0.1014880              1.0004120        

p       0.0359870              1.0000000        

d      95.4727400              0.1230830        
d      26.4819600              0.4916770        
d       8.2828860              0.5815410        

d       4.0821410              0.3379410        
d       1.3572790              0.7591680        

d       0.4208310              1.0000000        

In 49 13 3 3 3 3 2 1 3 3 3 2 1 3 3

s   12214.5470000              0.0612480        
s    1848.9136000              0.3676750        
s     406.3683300              0.6901360        

s     550.4423000             -0.1127090        
s     119.7744000              0.0834440        
s      38.6692700              0.9696880        

s      47.0293100             -0.2758950        
s      22.4964200              0.0597730        
s       6.6971170              1.0821480        

s       6.5723600             -0.4284830        
s       2.5021580              0.4633640        
s       0.9420250              0.8219680        

s       1.0012210             -0.4364170        
s       0.1659700              1.1898930        

s       0.0543400              1.0000000        

p     550.4423000              0.1523700        
p     119.7744000              0.6096510        
p      38.6692700              0.3970250        

p      47.0293100             -0.1408480        
p      22.4964200              0.5290870        
p       6.6971170              0.6620680        

p       6.5723600              0.0109130        
p       2.5021580              0.5036760        
p       0.9420250              0.5581810        

p       1.0012210              0.0231630        
p       0.1659700              0.9903310        

p       0.0543400              1.0000000        

d     102.1735600              0.1205560        
d      28.3946320              0.4884980        
d       8.9248050              0.5850190        

d       4.5353640              0.2508570        
d       1.5371480              0.5693110        
d       0.4994920              0.3840640        

Sn 50 13 3 3 3 3 2 1 3 3 3 2 1 3 3

s   12741.6740000              0.0611350        
s    1928.4692000              0.3672930        
s     423.8079700              0.6905450        

s     574.2875000             -0.1127460        
s     124.9537000              0.0828630        
s      40.3957600              0.9701510        

s      48.8066200             -0.2824530        
s      23.8358800              0.0660560        
s       7.0482960              1.0819870        

s       6.9733780             -0.4340360        
s       2.6930400              0.4610290        
s       1.0259580              0.8285580        

s       1.1314630             -0.5252080        
s       0.2034090              1.2292260        

s       0.0705640              1.0000000        

p     574.2875000              0.1525800        
p     124.9537000              0.6110110        
p      40.3957600              0.3951550        

p      48.8066200             -0.1509630        
p      23.8358800              0.5399680        
p       7.0482960              0.6604820        

p       6.9733780              0.0119510        
p       2.6930400              0.5067190        
p       1.0259580              0.5529110        

p       1.1314630              0.0210710        
p       0.2034090              0.9905910        

p       0.0705640              1.0000000        

d     108.0563000              0.1198240        
d      30.1315760              0.4875910        
d       9.5300360              0.5849870        

d       4.9626100              0.2529490        
d       1.7120830              0.5727610        
d       0.5771950              0.3690390        

Sb 51 13 3 3 3 3 2 1 3 3 3 2 1 3 3

s   13289.3830000              0.0609840        
s    2010.5218000              0.3668490        
s     441.6981500              0.6910500        

s     598.8890000             -0.1127200        
s     130.0385000              0.0826440        
s      42.1328600              0.9702580        

s      51.5133300             -0.2770430        
s      24.4359500              0.0575030        
s       7.4209310              1.0847030        

s       7.3142350             -0.4403810        
s       2.8440530              0.4737340        
s       1.1058550              0.8221350        

s       1.2786370             -0.6016950        
s       0.2412320              1.2586920        

s       0.0866300              1.0000000        

p     598.8890000              0.1530670        
p     130.0385000              0.6135970        
p      42.1328600              0.3916990        

p      51.5133300             -0.1378700        
p      24.4359500              0.5363550        
p       7.4209310              0.6508680        

p       7.3142350              0.0153050        
p       2.8440530              0.5160830        
p       1.1058550              0.5387570        

p       1.2786370              0.0222530        
p       0.2412320              0.9896430        

p       0.0866300              1.0000000        

d     115.8095500              0.1166280        
d      32.3058350              0.4834360        
d      10.2503280              0.5901400        

d       5.4862100              0.2483660        
d       1.9216200              0.5743150        
d       0.6660630              0.3643040        

Te 52 13 3 3 3 3 2 1 3 3 3 2 1 3 3

s   13796.5600000              0.0610860        
s    2088.8798000              0.3669630        
s     459.3931900              0.6907940        

s     623.2631000             -0.1128200        
s     135.3600000              0.0822520        
s      44.0004800              0.9706010        

s      54.1907800             -0.2744120        
s      25.8203900              0.0518300        
s       7.8095830              1.0876220        

s       7.7642170             -0.4467310        
s       3.0439320              0.4694700        
s       1.1992530              0.8298110        

s       1.3403640             -0.5904700        
s       0.2780880              1.2819680        

s       0.0967260              1.0000000        

p     623.2631000              0.1534190        
p     135.3600000              0.6149000        
p      44.0004800              0.3895160        

p      54.1907800             -0.1433310        
p      25.8203900              0.5391880        
p       7.8095830              0.6522850        

p       7.7642170              0.0127460        
p       3.0439320              0.5221230        
p       1.1992530              0.5326610        

p       1.3403640              0.0255880        
p       0.2780880              0.9871020        

p       0.0967260              1.0000000        

d     121.4083000              0.1169140        
d      34.0152170              0.4835560        
d      10.8691380              0.5883860        

d       5.8031110              0.2601940        
d       2.0580660              0.5797760        
d       0.7328300              0.3405580        

I 53 13 3 3 3 3 2 1 3 3 3 2 1 3 3

s   14351.1860000              0.0610030        
s    2173.0741000              0.3666400        
s     477.8720500              0.6911310        

s     648.1887000             -0.1128510        
s     140.3064000              0.0832280        
s      45.6988000              0.9697520        

s      56.6946900             -0.2736970        
s      27.4887500              0.0465000        
s       8.2090960              1.0915760        

s       8.1916790             -0.4508280        
s       3.2445960              0.4632090        
s       1.3004890              0.8386360        

s       1.4513800             -0.6658520        
s       0.3281030              1.3285840        

s       0.1150760              1.0000000        

p     648.1887000              0.1541140        
p     140.3064000              0.6194620        
p      45.6988000              0.3837580        

p      56.6946900             -0.1523220        
p      27.4887500              0.5437690        
p       8.2090960              0.6561680        

p       8.1916790              0.0118700        
p       3.2445960              0.5265250        
p       1.3004890              0.5266080        

p       1.4513800              0.0275410        
p       0.3281030              0.9851370        

p       0.1150760              1.0000000        

d     128.0902600              0.1158640        
d      35.9823780              0.4820490        
d      11.5511160              0.5894450        

d       6.1461520              0.2681820        
d       2.2209370              0.5800610        
d       0.8099120              0.3262260        

Xe 54 13 3 3 3 3 2 1 3 3 3 2 1 3 3

s   14902.2360000              0.0609970        
s    2256.5383000              0.3666290        
s     496.3731700              0.6911150        

s     673.6611000             -0.1129130        
s     145.8491000              0.0829050        
s      47.5770800              0.9700290        

s      59.1675200             -0.2739770        
s      28.6115900              0.0455300        
s       8.5965960              1.0925280        

s       8.6386760             -0.4558410        
s       3.4628180              0.4617360        
s       1.4010400              0.8442880        

s       1.5784740             -0.7277720        
s       0.3750810              1.3627970        

s       0.1331790              1.0000000        

p     673.6611000              0.1544270        
p     145.8491000              0.6206170        
p      47.5770800              0.3820040        

p      59.1675200             -0.1518570        
p      28.6115900              0.5471510        
p       8.5965960              0.6519540        

p       8.6386760              0.0095850        
p       3.4628180              0.5298190        
p       1.4010400              0.5235980        

p       1.5784740              0.0280720        
p       0.3750810              0.9842640        

p       0.1331790              1.0000000        

d     134.9133100              0.1150110        
d      37.9563870              0.4815950        
d      12.2274750              0.5896130        

d       6.6004930              0.2718840        
d       2.3980510              0.5855570        
d       0.8864820              0.3127460        

Cs 55 15 3 3 3 3 3 2 1 3 3 3 1 1 1 3 3

s   15525.8660000              0.0607240        
s    2349.0055000              0.3658420        
s     516.2355500              0.6920470        

s     687.5050500             -0.1102130        
s      67.1911570              0.7272030        
s      27.9920030              0.3401430        

s      60.1681880             -0.2753150        
s      10.8686940              0.8901280        
s       4.7407050              0.2648630        

s       9.8871630             -0.3688270        
s       2.3693430              0.8325820        
s       1.1416760              0.3887890        

s       1.7690780             -0.3409420        
s       0.3836200              0.7000970        
s       0.1713060              0.4934520        

s       0.2118490             -0.2750220        
s       0.0403240              0.1936040        

s       0.0170580              1.0000000        

p    1024.2833000              0.0791850        
p     239.6488900              0.4199330        
p      71.2555480              0.6432510        

p     139.4586400             -0.0331230        
p      25.8108100              0.3891080        
p      10.1394520              0.6790330        

p       4.3242440              0.3816690        
p       1.9364150              0.5769760        
p       0.8145050              0.1154050        

p       0.5945840              1.0000000        

p       0.2749920              1.0000000        

p       0.1115530              1.0000000        

d     144.0513900              0.1118300        
d      40.5051460              0.4768350        
d      13.0862440              0.5954170        

d       7.3715780              0.2537250        
d       2.7248240              0.5788860        
d       1.0266780              0.3325980        

