Ahlrichs-Coulumb-fitting
BASIS:
H 1 6 2 1 1 1 1 1

s       9.30813000E+00         0.03446618       
s       2.30671800E+00         0.12253380       

s       7.52012000E-01         1.0000000        

s       2.73978000E-01         1.0000000        

p       2.03270400E+00         1.0000000        

p       7.90252000E-01         1.0000000        

d       2.01954800E+00         1.0000000        

He 2 4 3 1 1 1

s       3.73939300E+01         0.10996705       
s       6.98669000E+00         0.37520477       
s       1.92344500E+00         0.41847746       

s       6.28757000E-01         1.0000000        

p       3.60021686E+00         1.0000000        

p       1.50009035E+00         1.0000000        

Li 3 12 3 1 1 1 1 1 1 1 1 1 1 1

s       1.73289709E+02         0.08014875       
s       4.78344360E+01         0.25220565       
s       1.47536270E+01         0.66520903       

s       5.05214700E+00         1.0000000        

s       1.90155000E+00         1.0000000        

s       7.75515000E-01         1.0000000        

s       3.36355000E-01         1.0000000        

s       1.51659000E-01         1.0000000        

s       6.92960000E-02         1.0000000        

p       3.77864000E-01         1.0000000        

p       1.59554000E-01         1.0000000        

d       5.60493000E-01         1.0000000        

d       2.37378000E-01         1.0000000        

f       4.68426000E-01         1.0000000        

Be 4 12 3 1 1 1 1 1 1 1 1 1 1 1

s       2.68616242E+02         0.15583423       
s       7.60151980E+01         0.46299792       
s       2.39162980E+01         1.16784141       

s       8.31085400E+00         1.0000000        

s       3.15795600E+00         1.0000000        

s       1.29404000E+00         1.0000000        

s       5.61718000E-01         1.0000000        

s       2.52830000E-01         1.0000000        

s       1.15217000E-01         1.0000000        

p       3.73425100E+00         1.0000000        

p       1.11302600E+00         1.0000000        

d       9.18714000E-01         1.0000000        

d       3.55682000E-01         1.0000000        

f       3.95370000E-01         1.0000000        

B 5 14 3 1 1 1 1 1 1 1 1 1 1 1 1 1

s       3.92034458E+02         0.24593101       
s       1.17497240E+02         0.64303242       
s       3.81245960E+01         1.68735933       

s       1.33001220E+01         1.0000000        

s       4.94389200E+00         1.0000000        

s       1.93641700E+00         1.0000000        

s       7.88705000E-01         1.0000000        

s       3.29117000E-01         1.0000000        

s       1.38468000E-01         1.0000000        

p       1.22297600E+00         1.0000000        

p       4.94853000E-01         1.0000000        

p       2.08793000E-01         1.0000000        

d       2.40189800E+00         1.0000000        

d       7.64497000E-01         1.0000000        

d       2.57494000E-01         1.0000000        

f       9.13067000E-01         1.0000000        

C 6 14 3 1 1 1 1 1 1 1 1 1 1 1 1 1

s       5.91553927E+02         0.31582020       
s       1.72117940E+02         0.87503863       
s       5.47992590E+01         2.30760524       

s       1.89590940E+01         1.0000000        

s       7.05993000E+00         1.0000000        

s       2.79484900E+00         1.0000000        

s       1.15863400E+00         1.0000000        

s       4.94324000E-01         1.0000000        

s       2.12969000E-01         1.0000000        

p       3.27847358E-01         1.0000000        

p       7.86833659E-01         1.0000000        

p       1.97101832E+00         1.0000000        

d       4.01330100E+00         1.0000000        

d       1.24750500E+00         1.0000000        

d       4.08148000E-01         1.0000000        

f       9.00000000E-01         1.0000000        

N 7 14 3 1 1 1 1 1 1 1 1 1 1 1 1 1

s       7.91076935E+02         0.41567506       
s       2.29450184E+02         1.14750694       
s       7.28869600E+01         3.01935767       

s       2.51815960E+01         1.0000000        

s       9.37169700E+00         1.0000000        

s       3.71065500E+00         1.0000000        

s       1.53946300E+00         1.0000000        

s       6.57553000E-01         1.0000000        

s       2.83654000E-01         1.0000000        

p       4.70739194E-01         1.0000000        

p       1.12977407E+00         1.0000000        

p       2.83008403E+00         1.0000000        

d       5.83298650E+00         1.0000000        

d       1.73268650E+00         1.0000000        

d       5.45242500E-01         1.0000000        

f       1.82648000E+00         1.0000000        

O 8 14 3 1 1 1 1 1 1 1 1 1 1 1 1 1

s       9.57843253E+02         0.56249624       
s       2.81967425E+02         1.49108985       
s       9.01998320E+01         3.86547733       

s       3.11382990E+01         1.0000000        

s       1.14937320E+01         1.0000000        

s       4.48404900E+00         1.0000000        

s       1.82350400E+00         1.0000000        

s       7.60903000E-01         1.0000000        

s       3.20292000E-01         1.0000000        

p       6.14708863E-01         1.0000000        

p       1.47530127E+00         1.0000000        

p       3.69562968E+00         1.0000000        

d       7.65267200E+00         1.0000000        

d       2.21786800E+00         1.0000000        

d       6.82337000E-01         1.0000000        

f       2.19178082E+00         1.0000000        

F 9 15 3 1 1 1 1 1 1 1 1 1 1 1 1 1 1

s       1.15670231E+03         0.71431186       
s       3.45040302E+02         1.84554195       
s       1.11332058E+02         4.71095270       

s       3.85902340E+01         1.0000000        

s       1.42414660E+01         1.0000000        

s       5.53413200E+00         1.0000000        

s       2.23509600E+00         1.0000000        

s       9.24514000E-01         1.0000000        

s       3.85516000E-01         1.0000000        

p       3.12693419E+00         1.0000000        

p       1.26740199E+00         1.0000000        

p       5.28084163E-01         1.0000000        

d       2.31855700E+01         1.0000000        

d       6.68248300E+00         1.0000000        

d       2.16767700E+00         1.0000000        

d       7.33849000E-01         1.0000000        

f       2.55707762E+00         1.0000000        

Ne 10 13 3 1 1 1 1 1 1 1 1 1 1 1 1

s       1.27330572E+03         0.89624205       
s       4.14747950E+02         2.13453736       
s       1.38155858E+02         5.43243958       

s       4.68903690E+01         1.0000000        

s       1.61520520E+01         1.0000000        

s       5.62371600E+00         1.0000000        

s       1.97076200E+00         1.0000000        

s       6.92129000E-01         1.0000000        

p       5.92304060E+00         1.0000000        

p       2.36448720E+00         1.0000000        

p       9.85203000E-01         1.0000000        

d       1.16432720E+01         1.0000000        

d       3.49736420E+00         1.0000000        

d       1.11027430E+00         1.0000000        

f       3.77600000E+00         1.0000000        

Na 11 10 8 1 1 1 1 3 1 3 1 1

s       1.82259686E+03         0.87708826       
s       6.14833756E+02         1.87407783       
s       2.16823638E+02         5.13494627       
s       7.97011750E+01         6.50321066       
s       3.04339390E+01         1.67978337       
s       1.20256850E+01        -0.53919911       
s       4.89602400E+00         2.21157329       
s       2.04406800E+00         1.90323348       

s       8.70628000E-01         1.0000000        

s       3.76255000E-01         1.0000000        

s       1.64045000E-01         1.0000000        

s       7.17350000E-02         1.0000000        

p       2.87042000E-01         0.00645603       
p       1.26363000E-01        -0.00973781       
p       6.68670000E-02        -0.01447956       

p       3.79390000E-02         1.0000000        

d       3.27481000E-01        -0.00059472       
d       9.44580000E-02         0.00414107       
d       2.84780000E-02        -0.00045836       

d       8.71700000E-03         1.0000000        

f       1.34953000E-01         1.0000000        

Mg 12 10 8 1 1 1 1 3 1 3 1 1

s       2.32292522E+03         0.93046749       
s       7.80205260E+02         2.02907033       
s       2.75406610E+02         5.62509844       
s       1.01862204E+02         7.52497942       
s       3.93333820E+01         2.35689967       
s       1.57907630E+01        -0.81547749       
s       6.55951000E+00         2.56544360       
s       2.80452000E+00         2.54940372       

s       1.22698300E+00         1.0000000        

s       5.45883000E-01         1.0000000        

s       2.45351000E-01         1.0000000        

s       1.10653000E-01         1.0000000        

p       2.01533810E+01         0.00302972       
p       3.96115200E+00         0.02178989       
p       9.78622000E-01        -0.02560187       

p       2.64422000E-01         1.0000000        

d       4.93679330E+01        -0.00047602       
d       7.30566200E+00         0.00144097       
d       1.34845700E+00        -0.00576280       

d       2.71252000E-01         1.0000000        

f       2.46037000E-01         1.0000000        

Al 13 11 8 1 1 1 1 2 1 1 4 1 1

s       2.83812879E+03         0.98901466       
s       1.05550526E+03         1.74006712       
s       4.00895672E+02         5.12581286       
s       1.55220479E+02         8.24241456       
s       6.11458550E+01         4.86552632       
s       2.44563570E+01        -1.09354000       
s       9.91029200E+00         2.23516080       
s       4.05953100E+00         3.86939384       

s       1.67707400E+00         1.0000000        

s       6.97078000E-01         1.0000000        

s       2.90810000E-01         1.0000000        

s       1.21471000E-01         1.0000000        

p       9.34868000E-01        -0.00361593       
p       3.45754000E-01        -0.00722040       

p       1.38538000E-01         1.0000000        

p       5.70970000E-02         1.0000000        

d       1.53696120E+01         0.01850798       
d       4.05229400E+00         0.00029445       
d       1.24144400E+00        -0.00899572       
d       4.21258000E-01         0.03215606       

d       1.48264000E-01         1.0000000        

f       5.00348000E-01         1.0000000        

Si 14 12 8 1 1 1 1 4 1 1 4 1 1 1

s       2.61104428E+03         1.56488355       
s       7.78106954E+02         4.01170927       
s       2.51334549E+02         9.91872011       
s       8.77716030E+01         7.69589454       
s       3.30160550E+01        -0.83505216       
s       1.33089630E+01         1.74225093       
s       5.71110600E+00         4.75683271       
s       2.58733400E+00         1.24764169       

s       1.22527200E+00         1.0000000        

s       5.99657000E-01         1.0000000        

s       2.99487000E-01         1.0000000        

s       1.50601000E-01         1.0000000        

p       2.43711952E+01         1.00000000       
p       8.26542474E+00         1.00000000       
p       3.05158086E+00         1.00000000       
p       1.20276273E+00         1.00000000       

p       4.94092670E-01         1.0000000        

p       2.05871946E-01         1.0000000        

d       1.68337740E+01        -0.02758637       
d       5.06087100E+00         0.00093937       
d       1.67639500E+00         0.01469722       
d       5.91428000E-01        -0.04773658       

d       2.13280000E-01         1.0000000        

f       6.39269406E-01         1.0000000        

g       7.00000000E-01         1.0000000        

P 15 12 8 1 1 1 1 4 1 1 4 1 1 1

s       3.08037463E+03         1.69071816       
s       9.13434256E+02         4.40910922       
s       2.94679145E+02        10.94606900       
s       1.03182377E+02         8.71606171       
s       3.90732610E+01        -0.94145644       
s       1.59205520E+01         1.93918410       
s       6.93259400E+00         5.61881863       
s       3.19860600E+00         1.50104535       

s       1.54748600E+00         1.0000000        

s       7.75586000E-01         1.0000000        

s       3.97285000E-01         1.0000000        

s       2.05011000E-01         1.0000000        

p       3.30555494E+01        -0.03122479       
p       1.12106999E+01         0.09092310       
p       4.13897148E+00        -0.08203196       
p       1.63135137E+00         0.07560904       

p       6.70156080E-01         1.0000000        

p       2.79231700E-01         1.0000000        

d       2.27747000E+01         0.01441838       
d       6.84373550E+00        -0.00091274       
d       2.26347250E+00        -0.00383921       
d       7.96719500E-01         0.01406653       

d       2.86576500E-01         1.0000000        

f       8.21917808E-01         1.0000000        

g       9.00000000E-01         1.0000000        

S 16 12 8 1 1 1 1 4 1 1 4 1 1 1

s       3.61293769E+03         1.81284859       
s       1.05965142E+03         4.84805075       
s       3.39294845E+02        12.11665650       
s       1.18353236E+02         9.70399474       
s       4.48197300E+01        -1.16396453       
s       1.83337610E+01         2.39681432       
s       8.04530900E+00         6.53823916       
s       3.75400800E+00         1.55418734       

s       1.84237700E+00         1.0000000        

s       9.38931000E-01         1.0000000        

s       4.89798000E-01         1.0000000        

s       2.57531000E-01         1.0000000        

p       4.17418710E+01        -0.03327321       
p       1.41566423E+01         0.08886927       
p       5.22660844E+00        -0.07523737       
p       2.06003711E+00         0.07158818       

p       8.46259376E-01         1.0000000        

p       3.52608073E-01         1.0000000        

d       2.87156260E+01         0.04310507       
d       8.62660000E+00         0.00370010       
d       2.85055000E+00        -0.02603492       
d       1.00201100E+00         0.07226404       

d       3.59873000E-01         1.0000000        

f       1.00456621E+00         1.0000000        

g       1.10000000E+00         1.0000000        

Cl 17 12 8 1 1 1 1 4 1 1 4 1 1 1

s       4.09708041E+03         1.98054511       
s       1.20308319E+03         5.30973450       
s       3.86280948E+02        13.23526550       
s       1.35337690E+02        10.71499600       
s       5.15670460E+01        -1.32565114       
s       2.12610340E+01         2.71180364       
s       9.42013500E+00         7.54640511       
s       4.44522800E+00         1.73603618       

s       2.20939900E+00         1.0000000        

s       1.14157500E+00         1.0000000        

s       6.04182000E-01         1.0000000        

s       3.22378000E-01         1.0000000        

p       5.18499903E+01         0.03593355       
p       1.75847835E+01        -0.08695993       
p       6.49227240E+00         0.07212112       
p       2.55889115E+00        -0.06342019       

p       1.05118768E+00         1.0000000        

p       4.37994866E-01         1.0000000        

d       3.47055500E+01        -0.05487037       
d       1.07044270E+01        -0.00619019       
d       3.56806700E+00         0.03374505       
d       1.24984800E+00        -0.09052322       

d       4.45360000E-01         1.0000000        

f       1.18721461E+00         1.0000000        

g       1.30000000E+00         1.0000000        

Ar 18 11 8 1 1 1 1 4 1 1 4 1 1

s       4.62080404E+03         2.13523201       
s       1.37429205E+03         5.65223447       
s       4.46448228E+02        14.10271770       
s       1.58082893E+02        12.03992770       
s       6.08034490E+01        -1.24701561       
s       2.52762260E+01         2.60119316       
s       1.12784090E+01         8.70461044       
s       5.35391500E+00         2.25190285       

s       2.67438100E+00         1.0000000        

s       1.38771700E+00         1.0000000        

s       7.37233000E-01         1.0000000        

s       3.94795000E-01         1.0000000        

p       6.31953310E+01         0.00385527       
p       2.14325250E+01        -0.00756290       
p       7.91285210E+00         0.01106432       
p       3.11880430E+00        -0.01633243       

p       1.28119890E+00         1.0000000        

p       5.33832900E-01         1.0000000        

d       8.97664005E+01        -0.00249127       
d       2.32156985E+01        -0.00370477       
d       6.69329640E+00         0.00247795       
d       2.07246860E+00        -0.00304045       

d       6.57926540E-01         1.0000000        

f       1.39199999E+00         1.0000000        

K 19 11 10 2 1 1 1 1 3 1 3 1 1

s       1.07373538E+04         0.91363645       
s       4.12032231E+03         1.53688032       
s       1.62488943E+03         4.96541961       
s       6.57647445E+02        10.40760840       
s       2.72773493E+02        14.20192240       
s       1.15760058E+02         5.51466241       
s       5.01783200E+01        -2.45663541       
s       2.21755470E+01         6.63059665       
s       9.97200500E+00         8.90456311       
s       4.55346300E+00        -1.48384471       

s       2.10673400E+00         0.12845686       
s       9.85382000E-01         1.70664621       

s       4.64849000E-01         1.0000000        

s       2.20643000E-01         1.0000000        

s       1.05119000E-01         1.0000000        

s       5.01430000E-02         1.0000000        

p       9.01939000E-01        -0.00902224       
p       3.17777000E-01         0.01082090       
p       1.34927000E-01        -0.00037256       

p       6.14950000E-02         1.0000000        

d       2.88853200E+00         0.00042812       
d       8.65328000E-01         0.00012732       
d       2.64540000E-01        -0.00138221       

d       8.14290000E-02         1.0000000        

f       2.48972000E-01         1.0000000        

Ca 20 11 10 2 1 1 1 1 3 1 3 1 1

s       1.78764027E+04         0.60160865       
s       6.23615617E+03         1.33992384       
s       2.26945107E+03         4.53385725       
s       8.60305771E+02        10.62374110       
s       3.39124911E+02        16.23019100       
s       1.38728914E+02         7.40879611       
s       5.87589760E+01        -2.85661768       
s       2.57011080E+01         7.08295526       
s       1.15755310E+01        10.32823040       
s       5.35125700E+00        -1.93881247       

s       2.53040700E+00         0.11197143       
s       1.21934800E+00         2.16692993       

s       5.96422000E-01         1.0000000        

s       2.94900000E-01         1.0000000        

s       1.46770000E-01         1.0000000        

s       7.32070000E-02         1.0000000        

p       7.35849500E+00         0.01255954       
p       3.44117700E+00        -0.04466907       
p       1.94420000E+00         0.07228314       

p       1.18032600E+00         1.0000000        

d       5.22262000E-01        -0.00766335       
d       2.01451000E-01         0.01215499       
d       9.02020000E-02         0.00173920       

d       4.26770000E-02         1.0000000        

f       1.47843000E-01         1.0000000        

Sc 21 18 10 2 1 1 1 1 1 1 1 1 2 1 1 1 1 1 3 1

s       1.21110318E+04         1.18999550       
s       4.73160352E+03         1.84853680       
s       1.89974196E+03         6.00531030       
s       7.82812855E+02        12.16096810       
s       3.30568401E+02        16.26738570       
s       1.42827754E+02         6.26954165       
s       6.30325680E+01        -3.04184975       
s       2.83608040E+01         8.00576151       
s       1.29844120E+01        11.16241200       
s       6.03639100E+00        -2.35325253       

s       2.84342200E+00         0.32575233       
s       1.35404300E+00         2.49181136       

s       6.50334000E-01         1.0000000        

s       3.14276000E-01         1.0000000        

s       1.52440000E-01         1.0000000        

s       7.40320000E-02         1.0000000        

p       2.05792980E+00         1.0000000        

p       7.71106770E-01         1.0000000        

p       3.12543280E-01         1.0000000        

p       1.30226370E-01         1.0000000        

d       7.26661900E+00         0.02280851       
d       2.26096600E+00         0.07170814       

d       7.92202000E-01         1.0000000        

d       2.89753000E-01         1.0000000        

f       2.10745790E+00         1.0000000        

f       8.10560730E-01         1.0000000        

f       3.24224290E-01         1.0000000        

g       8.07289000E+00         0.06450426       
g       2.80936400E+00         0.10999183       
g       9.95311000E-01         0.08258121       

g       3.54757000E-01         1.0000000        

Ti 22 17 10 2 1 1 1 1 1 1 1 1 3 1 1 1 1 3 1

s       1.17412618E+04         1.46681383       
s       3.89611238E+03         3.62744316       
s       1.36668455E+03        10.66612390       
s       5.06174013E+02        19.18945630       
s       1.97620679E+02        12.10329270       
s       8.11679430E+01        -3.34206544       
s       3.49839920E+01         6.94372569       
s       1.57753470E+01        13.55639800       
s       7.41605500E+00        -1.83867930       
s       3.61970700E+00        -0.65176411       

s       1.82585700E+00         2.99750579       
s       9.46922000E-01         0.86704175       

s       5.02082000E-01         1.0000000        

s       2.70541000E-01         1.0000000        

s       1.47213000E-01         1.0000000        

s       8.03690000E-02         1.0000000        

p       2.31598962E+00         1.0000000        

p       8.67801865E-01         1.0000000        

p       3.51735516E-01         1.0000000        

p       1.46556465E-01         1.0000000        

d       6.23666600E+00         0.05865617       
d       2.36921300E+00         0.13491083       
d       9.15461000E-01         0.08439268       

d       3.55766000E-01         1.0000000        

f       2.74153601E+00         1.0000000        

f       1.05443693E+00         1.0000000        

f       4.21774771E-01         1.0000000        

g       1.05754430E+01         0.08134739       
g       3.63036300E+00         0.14331238       
g       1.36530400E+00         0.08740949       

g       5.30352000E-01         1.0000000        

V 23 17 10 2 1 1 1 1 1 1 1 1 3 1 1 1 1 3 1

s       1.21445484E+04         1.68958579       
s       4.09054722E+03         3.96788447       
s       1.45353223E+03        11.63643080       
s       5.44199699E+02        20.41942580       
s       2.14323019E+02        12.68021780       
s       8.86064360E+01        -3.74378480       
s       3.83586940E+01         7.89174859       
s       1.73370380E+01        14.62988600       
s       8.15256700E+00        -2.48613669       
s       3.97283100E+00        -0.33218908       

s       1.99735500E+00         3.37727442       
s       1.03090700E+00         0.96668964       

s       5.43337000E-01         1.0000000        

s       2.90755000E-01         1.0000000        

s       1.57036000E-01         1.0000000        

s       8.50780000E-02         1.0000000        

p       2.53219895E+00         1.0000000        

p       9.48815553E-01         1.0000000        

p       3.84571803E-01         1.0000000        

p       1.60238251E-01         1.0000000        

d       6.90779900E+00         0.06884186       
d       2.58671150E+00         0.13778187       
d       1.01227500E+00         0.07406157       

d       4.02369000E-01         1.0000000        

f       3.28352762E+00         1.0000000        

f       1.26289524E+00         1.0000000        

f       5.05158095E-01         1.0000000        

g       1.23132830E+01        -0.09575741       
g       4.30026200E+00        -0.16475087       
g       1.64902000E+00        -0.09851399       

g       6.53708000E-01         1.0000000        

Cr 24 17 10 2 1 1 1 1 1 1 1 1 3 1 1 1 1 3 1

s       1.25426972E+04         1.93966091       
s       4.37616594E+03         4.07787870       
s       1.60441232E+03        12.04028220       
s       6.17250509E+02        20.91471080       
s       2.48765032E+02        14.56672690       
s       1.04809678E+02        -3.48121298       
s       4.60501450E+01         6.20608733       
s       2.10394630E+01        16.78464630       
s       9.96292800E+00        -1.00088521       
s       4.87169800E+00        -1.62195460       

s       2.44979600E+00         3.98680666       
s       1.26120300E+00         1.33916495       

s       6.61526000E-01         1.0000000        

s       3.51717000E-01         1.0000000        

s       1.88542000E-01         1.0000000        

s       1.01349000E-01         1.0000000        

p       2.72072805E+00         1.0000000        

p       1.01945745E+00         1.0000000        

p       4.13204220E-01         1.0000000        

p       1.72168425E-01         1.0000000        

d       7.57893200E+00         0.14894071       
d       2.80421000E+00         0.27056033       
d       1.10908900E+00         0.13217286       

d       4.48972000E-01         1.0000000        

f       2.85945066E+00         1.0000000        

f       1.09978872E+00         1.0000000        

f       4.39915486E-01         1.0000000        

g       1.34799240E+01         0.11440080       
g       4.61635800E+00         0.18749813       
g       1.70714600E+00         0.10129249       

g       6.48569000E-01         1.0000000        

Mn 25 17 10 2 1 1 1 1 1 1 1 1 3 1 1 1 1 3 1

s       1.29914300E+04         2.18695219       
s       4.43444278E+03         4.84120886       
s       1.59383118E+03        14.10583720       
s       6.02409079E+02        23.32476010       
s       2.39033198E+02        12.90389480       
s       9.93679100E+01        -4.81404845       
s       4.31695870E+01        11.59631670       
s       1.95426870E+01        15.52807890       
s       9.18750300E+00        -4.56822157       
s       4.46837200E+00         1.32779379       

s       2.23859300E+00         3.90641865       
s       1.14980900E+00         1.13362105       

s       6.02402000E-01         1.0000000        

s       3.20186000E-01         1.0000000        

s       1.71679000E-01         1.0000000        

s       9.23220000E-02         1.0000000        

p       2.90306049E+00         1.0000000        

p       1.08777746E+00         1.0000000        

p       4.40895534E-01         1.0000000        

p       1.83706472E-01         1.0000000        

d       2.05545910E+01        -0.01578675       
d       6.38583200E+00         0.00699240       
d       2.28018900E+00         0.01014757       

d       8.56837000E-01         1.0000000        

f       4.38661677E+00         1.0000000        

f       1.68716030E+00         1.0000000        

f       6.74864118E-01         1.0000000        

g       2.13861690E+01         0.06636163       
g       7.23747200E+00         0.14384410       
g       2.56798000E+00         0.09252292       

g       9.26123000E-01         1.0000000        

Fe 26 17 10 2 1 1 1 1 1 1 1 1 3 1 1 1 1 3 1

s       1.32807469E+04         2.49415899       
s       4.55593194E+03         5.39132690       
s       1.64524364E+03        15.57680870       
s       6.24601709E+02        24.82965950       
s       2.48866093E+02        12.59900200       
s       1.03853491E+02        -5.27093265       
s       4.52786130E+01        13.84433260       
s       2.05643930E+01        15.49182960       
s       9.69677400E+00        -5.52028999       
s       4.72897700E+00         2.29526551       

s       2.37510000E+00         4.11618242       
s       1.22274400E+00         1.23245923       

s       6.41992000E-01         1.0000000        

s       3.41923000E-01         1.0000000        

s       1.83693000E-01         1.0000000        

s       9.89740000E-02         1.0000000        

p       3.08055495E+00         1.0000000        

p       1.15428468E+00         1.0000000        

p       4.67852091E-01         1.0000000        

p       1.94938371E-01         1.0000000        

d       1.00827020E+01         0.05113178       
d       4.06361600E+00         0.08387445       
d       1.67243900E+00         0.06042159       

d       6.93210000E-01         1.0000000        

f       7.30487863E-01         1.0000000        

f       1.82621966E+00         1.0000000        

f       4.74817111E+00         1.0000000        

g       1.82835490E+01         0.08353784       
g       6.21035900E+00         0.14250650       
g       2.26352000E+00         0.07957566       

g       8.45580000E-01         1.0000000        

Co 27 18 10 2 1 1 1 1 1 1 1 1 2 1 1 1 1 1 3 1

s       1.48907766E+04         2.52008475       
s       5.01133863E+03         5.76161793       
s       1.78288257E+03        16.60614600       
s       6.69729414E+02        26.64726680       
s       2.65210184E+02        12.93299700       
s       1.10487719E+02        -5.60012488       
s       4.83040830E+01        15.46435860       
s       2.20948740E+01        15.92900120       
s       1.05364990E+01        -6.15264331       
s       5.21698300E+00         2.65789949       

s       2.66959900E+00         4.46962773       
s       1.40454700E+00         1.50204712       

s       7.55521000E-01         1.0000000        

s       4.13011000E-01         1.0000000        

s       2.28000000E-01         1.0000000        

s       1.26280000E-01         1.0000000        

p       3.23825416E+00         1.0000000        

p       1.21337461E+00         1.0000000        

p       4.91802290E-01         1.0000000        

p       2.04917621E-01         1.0000000        

d       1.07051020E+01         0.07311294       
d       4.05188000E+00         0.12371548       

d       1.54112500E+00         1.0000000        

d       5.87120000E-01         1.0000000        

f       8.00300195E-01         1.0000000        

f       2.00075049E+00         1.0000000        

f       5.20195127E+00         1.0000000        

g       2.03503610E+01         0.14891968       
g       6.89038800E+00         0.24818368       
g       2.51199000E+00         0.13075126       

g       9.39816000E-01         1.0000000        

Ni 28 18 10 2 1 1 1 1 1 1 1 1 1 3 1 1 1 1 3 1

s       1.69465143E+04         2.53863983       
s       6.05590923E+03         4.78297454       
s       2.27344576E+03        14.67319080       
s       8.95602448E+02        25.10891970       
s       3.69712093E+02        20.15452090       
s       1.59655135E+02        -3.61460213       
s       7.19740040E+01         5.03670181       
s       3.37897150E+01        22.34920060       
s       1.64734530E+01         2.21702008       
s       8.31342500E+00        -4.87240374       

s       4.32716600E+00         6.37840791       
s       2.31378600E+00         2.70517445       

s       1.26547100E+00         1.0000000        

s       7.04639000E-01         1.0000000        

s       3.97493000E-01         1.0000000        

s       2.26004000E-01         1.0000000        

s       1.28840000E-01         1.0000000        

p       3.37469360E+00         1.0000000        

p       1.26449850E+00         1.0000000        

p       5.12523711E-01         1.0000000        

p       2.13551546E-01         1.0000000        

d       1.16310900E+01        -0.07610942       
d       4.34717200E+00        -0.11052369       
d       1.65023900E+00        -0.06007773       

d       6.29740000E-01         1.0000000        

f       8.74718436E-01         1.0000000        

f       2.18679609E+00         1.0000000        

f       5.68566983E+00         1.0000000        

g       2.25173370E+01         0.14558805       
g       7.62090900E+00         0.24324429       
g       2.70958300E+00         0.12313508       

g       9.79884000E-01         1.0000000        

Cu 29 18 10 2 1 1 1 1 1 1 1 1 1 3 1 1 1 1 3 1

s       1.89426260E+04         2.57075800       
s       6.69260718E+03         4.93087859       
s       2.48716950E+03        15.41595380       
s       9.71191064E+02        26.57468650       
s       3.97920661E+02        21.58791800       
s       1.70781026E+02        -4.14873549       
s       7.66188870E+01         6.07284943       
s       3.58442050E+01        23.74028270       
s       1.74359800E+01         1.29248122       
s       8.79010800E+00        -4.53339314       

s       4.57569200E+00         7.00887627       
s       2.44935700E+00         2.89311419       

s       1.34224700E+00         1.0000000        

s       7.49382000E-01         1.0000000        

s       4.24079000E-01         1.0000000        

s       2.41964000E-01         1.0000000        

s       1.38436000E-01         1.0000000        

p       3.43520112E+00         1.0000000        

p       1.28717068E+00         1.0000000        

p       5.21713151E-01         1.0000000        

p       2.17380479E-01         1.0000000        

d       1.26544770E+01         0.08735417       
d       4.69589900E+00         0.12497440       
d       1.76481900E+00         0.06075469       

d       6.66090000E-01         1.0000000        

f       5.05414019E+00         1.0000000        

f       1.94390007E+00         1.0000000        

f       7.77560029E-01         1.0000000        

g       2.32166920E+01         0.13014422       
g       7.84863100E+00         0.19765260       
g       2.78019800E+00         0.08969062       

g       1.00077500E+00         1.0000000        

Zn 30 18 10 2 1 1 1 1 1 1 1 1 1 3 1 1 1 1 3 1

s       1.81879656E+04         3.09780061       
s       6.79296241E+03         4.97729695       
s       2.64830444E+03        15.80769640       
s       1.07640227E+03        26.37903670       
s       4.55448198E+02        23.60908450       
s       2.00266746E+02        -2.46728130       
s       9.13300880E+01         2.63929637       
s       4.30984000E+01        25.10448590       
s       2.09909650E+01         5.46836242       
s       1.05216550E+01        -6.64532010       

s       5.41065700E+00         7.46863023       
s       2.84477300E+00         3.88621636       

s       1.52366000E+00         1.0000000        

s       8.28110000E-01         1.0000000        

s       4.54872000E-01         1.0000000        

s       2.51463000E-01         1.0000000        

s       1.39313000E-01         1.0000000        

p       3.74062853E+00         1.0000000        

p       1.40161441E+00         1.0000000        

p       5.68099224E-01         1.0000000        

p       2.36708010E-01         1.0000000        

d       1.36778640E+01        -0.00785324       
d       5.04462600E+00         0.02926524       
d       1.87939900E+00        -0.02283859       

d       7.02440000E-01         1.0000000        

f       6.75682588E+00         1.0000000        

f       2.59877918E+00         1.0000000        

f       1.03951167E+00         1.0000000        

g       2.39160470E+01        -0.00292834       
g       8.07635300E+00        -0.00739891       
g       2.85081300E+00         0.00106217       

g       1.02166600E+00         1.0000000        

Ga 31 13 10 2 1 1 1 1 1 1 1 1 3 1 1

s       1.79470395E+04         3.57430337       
s       7.92216536E+03         3.39372888       
s       3.51877746E+03        11.91142200       
s       1.57199720E+03        22.05004650       
s       7.06050460E+02        27.23975470       
s       3.18678342E+02        11.38825860       
s       1.44480134E+02        -7.60413132       
s       6.57666590E+01        20.98017210       
s       3.00432120E+01        18.86092330       
s       1.37666610E+01        -8.46428828       

s       6.32483700E+00         7.23092797       
s       2.91208300E+00         6.20958655       

s       1.34303100E+00         1.0000000        

s       6.20138000E-01         1.0000000        

s       2.86552000E-01         1.0000000        

s       1.32441000E-01         1.0000000        

p       1.90022400E+00         1.0000000        

p       7.20994000E-01         1.0000000        

p       2.93803000E-01         1.0000000        

p       1.22751000E-01         1.0000000        

d       4.45194400E+00         0.02628010       
d       1.56407300E+00        -0.03286209       
d       5.98386000E-01         0.03314263       

d       2.35929000E-01         1.0000000        

f       3.78585000E-01         1.0000000        

Ge 32 14 10 2 1 1 1 1 1 1 1 1 4 1 1 1

s       1.94112756E+04         3.70937134       
s       8.68703880E+03         3.29548181       
s       3.89810051E+03        11.96005610       
s       1.75353519E+03        22.36698450       
s       7.90627810E+02        28.66815190       
s       3.57224478E+02        13.70766090       
s       1.61709934E+02        -8.31008593       
s       7.33285170E+01        20.81353050       
s       3.33014950E+01        21.47933890       
s       1.51433750E+01        -9.37342140       

s       6.89386800E+00         8.20864926       
s       3.14121300E+00         6.99384644       

s       1.43231600E+00         1.0000000        

s       6.53430000E-01         1.0000000        

s       2.98189000E-01         1.0000000        

s       1.36091000E-01         1.0000000        

p       2.98062086E+00         1.0000000        

p       1.11683935E+00         1.0000000        

p       4.52674834E-01         1.0000000        

p       1.88614514E-01         1.0000000        

d       9.39473000E+00        -0.02326026       
d       3.21049900E+00         0.00783386       
d       1.18694500E+00         0.00823280       
d       4.61488000E-01        -0.04737640       

d       1.82571000E-01         1.0000000        

f       4.49315000E-01         1.0000000        

g       4.92000000E-01         1.0000000        

As 33 14 10 2 1 1 1 1 1 1 1 1 4 1 1 1

s       2.95204935E+04         2.39486005       
s       1.21507950E+04         3.42447383       
s       5.08599345E+03        10.51023840       
s       2.16275739E+03        22.65895320       
s       9.33359660E+02        31.59406580       
s       4.08343749E+02        17.34383880       
s       1.80902250E+02        -8.78626939       
s       8.10566980E+01        20.56939130       
s       3.66883360E+01        24.16330340       
s       1.67537360E+01       -10.34298930       

s       7.70859500E+00         8.53324542       
s       3.56895400E+00         8.25146161       

s       1.66042700E+00         1.0000000        

s       7.75202000E-01         1.0000000        

s       3.62678000E-01         1.0000000        

s       1.69798000E-01         1.0000000        

p       3.75204767E+00         1.0000000        

p       1.40589316E+00         1.0000000        

p       5.69833479E-01         1.0000000        

p       2.37430616E-01         1.0000000        

d       1.44081380E+01         0.00537875       
d       4.75934700E+00         0.00099258       
d       1.69657350E+00        -0.00450645       
d       6.35164000E-01         0.01198248       

d       2.41979500E-01         1.0000000        

f       5.35159817E-01         1.0000000        

g       5.86000000E-01         1.0000000        

Se 34 14 10 2 1 1 1 1 1 1 1 1 4 1 1 1

s       2.84240794E+04         2.90097726       
s       1.19654430E+04         3.55041308       
s       5.10912776E+03        11.67349710       
s       2.21086522E+03        23.72229470       
s       9.68680873E+02        32.74077850       
s       4.29330471E+02        17.28584060       
s       1.92295776E+02        -9.07279130       
s       8.69511230E+01        21.29404260       
s       3.96511090E+01        25.92002430       
s       1.82156880E+01       -11.40284310       

s       8.42113600E+00         9.35370129       
s       3.91332900E+00         9.27835933       

s       1.82591500E+00         1.0000000        

s       8.54427000E-01         1.0000000        

s       4.00523000E-01         1.0000000        

s       1.87860000E-01         1.0000000        

p       4.45082971E+00         1.0000000        

p       1.66772696E+00         1.0000000        

p       6.75959370E-01         1.0000000        

p       2.81649738E-01         1.0000000        

d       1.94215460E+01         0.01122967       
d       6.30819500E+00         0.02619541       
d       2.20620200E+00        -0.03894025       
d       8.08840000E-01         0.06357082       

d       3.01388000E-01         1.0000000        

f       6.17351598E-01         1.0000000        

g       6.76000000E-01         1.0000000        

Br 35 14 10 2 1 1 1 1 1 1 1 1 4 1 1 1

s       3.09131386E+04         2.92400253       
s       1.02719037E+04         7.05924872       
s       3.61336292E+03        21.30320000       
s       1.34406976E+03        38.70370750       
s       5.27842757E+02        25.77249310       
s       2.18417769E+02        -8.80496954       
s       9.49916270E+01        20.50238100       
s       4.32890160E+01        29.27610360       
s       2.05968420E+01       -12.71277140       
s       1.01891270E+01         7.14337376       

s       5.21576200E+00        11.04171600       
s       2.74810400E+00         2.44407981       

s       1.48167900E+00         1.0000000        

s       8.12392000E-01         1.0000000        

s       4.49999000E-01         1.0000000        

s       2.50118000E-01         1.0000000        

p       5.24719287E+00         1.0000000        

p       1.96612443E+00         1.0000000        

p       7.96905166E-01         1.0000000        

p       3.32043819E-01         1.0000000        

d       7.98887400E+00        -0.05512916       
d       3.34200800E+00         0.05788013       
d       1.45718400E+00        -0.02782685       
d       6.51900000E-01        -0.06490489       

d       2.94193000E-01         1.0000000        

f       7.10502283E-01         1.0000000        

g       7.78000000E-01         1.0000000        

Kr 36 15 10 2 1 1 1 1 1 1 1 1 1 4 1 1 1

s       2.81508484E+04         3.80324890       
s       1.22470912E+04         3.69596396       
s       5.37915537E+03        13.62470020       
s       2.38388443E+03        25.64191440       
s       1.06534302E+03        35.24840910       
s       4.79803374E+02        18.02404200       
s       2.17638984E+02        -9.84020936       
s       9.93650460E+01        23.14005850       
s       4.56323230E+01        29.37922250       
s       2.10652620E+01       -13.98908200       

s       9.76844300E+00        11.99954440       
s       4.54729100E+00        11.03515140       

s       2.12349100E+00         1.0000000        

s       9.94070000E-01         1.0000000        

s       4.66174000E-01         1.0000000        

s       2.18847000E-01         1.0000000        

s       1.02774000E-01         1.0000000        

p       6.11829760E+00         1.0000000        

p       2.29252760E+00         1.0000000        

p       9.29202100E-01         1.0000000        

p       3.87167500E-01         1.0000000        

d       6.40891690E+01         0.00115365       
d       1.65749630E+01        -0.00222969       
d       4.77871230E+00        -0.00006131       
d       1.47964920E+00         0.00082129       

d       4.69729930E-01         1.0000000        

f       8.09000000E-01         1.0000000        

g       8.86000000E-01         1.0000000        

Rb 37 9 4 1 1 1 1 3 1 3 1

s       1.08872150E+01        -0.15502245       
s       4.96476100E+00         1.13800526       
s       2.30007300E+00        -3.11889651       
s       1.07964500E+00         2.01338928       

s       5.12038000E-01         1.0000000        

s       2.44655000E-01         1.0000000        

s       1.17424000E-01         1.0000000        

s       5.64430000E-02         1.0000000        

p       5.55272000E-01        -0.01206752       
p       2.69118000E-01         0.01517249       
p       1.31018000E-01         0.00026597       

p       6.38800000E-02         1.0000000        

d       7.16440000E-01        -0.00066312       
d       3.54937000E-01         0.00061813       
d       1.78820000E-01        -0.00258233       

d       9.06020000E-02         1.0000000        

Sr 38 15 4 1 1 1 1 1 1 1 1 1 1 1 1 1 1

s       1.08329180E+01        -0.17835490       
s       5.30735600E+00         1.25330950       
s       2.67182100E+00        -2.97510301       
s       1.37712900E+00         1.33916387       

s       7.23939000E-01         1.0000000        

s       3.86550000E-01         1.0000000        

s       2.08744000E-01         1.0000000        

s       1.13500000E-01         1.0000000        

s       6.18540000E-02         1.0000000        

p       4.04743000E-01         1.0000000        

p       2.00639000E-01         1.0000000        

p       9.94710000E-02         1.0000000        

d       2.58535000E+00         1.0000000        

d       1.31445900E+00         1.0000000        

d       6.75328000E-01         1.0000000        

f       2.98165600E+00         1.0000000        

f       1.07396400E+00         1.0000000        

g       1.66635000E-01         1.0000000        

Y 39 17 3 1 1 1 1 1 1 1 1 1 3 1 1 1 1 3 1

s       4.18278570E+01         0.03290308       
s       1.64559520E+01        -0.18927895       
s       6.65591900E+00         0.95589069       

s       2.75542000E+00         1.0000000        

s       1.16194200E+00         1.0000000        

s       4.96592000E-01         1.0000000        

s       2.13965000E-01         1.0000000        

s       9.24420000E-02         1.0000000        

p       1.04725300E+00         1.0000000        

p       3.92406000E-01         1.0000000        

p       1.59049000E-01         1.0000000        

p       6.62700000E-02         1.0000000        

d       7.04892000E-01         0.05238330       
d       2.98085000E-01         0.02425096       
d       1.55829000E-01         0.01208160       

d       8.84240000E-02         1.0000000        

f       8.05724000E-01         1.0000000        

f       3.09893000E-01         1.0000000        

f       1.23957000E-01         1.0000000        

g       1.48272800E+00         0.05574967       
g       6.30353000E-01         0.05229912       
g       2.96533000E-01         0.02196958       

g       1.44633000E-01         1.0000000        

Zr 40 17 5 1 1 1 1 1 1 1 1 1 3 1 1 1 1 3 1

s       1.07498900E+01        -0.33950769       
s       5.93450400E+00         2.27445914       
s       3.33296000E+00        -4.62739261       
s       1.90042600E+00         1.50987734       
s       1.09777800E+00         1.57820063       

s       6.40988000E-01         1.0000000        

s       3.77445000E-01         1.0000000        

s       2.23613000E-01         1.0000000        

s       1.32964000E-01         1.0000000        

s       7.91590000E-02         1.0000000        

p       1.10113093E+00         1.0000000        

p       4.12594020E-01         1.0000000        

p       1.67231690E-01         1.0000000        

p       6.96798700E-02         1.0000000        

d       6.03691800E+00         0.00408618       
d       1.91978700E+00        -0.00293309       
d       6.51961000E-01        -0.03884820       

d       2.26534000E-01         1.0000000        

f       1.07914340E+00         1.0000000        

f       4.15055100E-01         1.0000000        

f       1.66022000E-01         1.0000000        

g       1.78910400E+00         0.05295322       
g       7.66474000E-01         0.04918773       
g       3.89107000E-01         0.01525773       

g       2.10513000E-01         1.0000000        

Nb 41 18 3 1 1 1 1 1 1 1 1 1 2 1 1 1 1 1 3 1

s       1.40306990E+01        -0.28946490       
s       6.96646800E+00         1.92764527       
s       3.45902700E+00        -4.67959940       

s       1.71751900E+00         1.0000000        

s       8.52814000E-01         1.0000000        

s       4.23458000E-01         1.0000000        

s       2.10266000E-01         1.0000000        

s       1.04407000E-01         1.0000000        

p       1.25512500E+00         1.0000000        

p       4.70295600E-01         1.0000000        

p       1.90619100E-01         1.0000000        

p       7.94246000E-02         1.0000000        

d       3.08562300E+00        -0.01851133       
d       1.05246100E+00         0.12091161       

d       3.97169000E-01         1.0000000        

d       1.55391000E-01         1.0000000        

f       1.30707500E+00         1.0000000        

f       5.02721000E-01         1.0000000        

f       2.01088000E-01         1.0000000        

g       1.82957300E+00         0.02358599       
g       9.09279000E-01         0.01663366       
g       5.06068000E-01         0.00400180       

g       2.93378000E-01         1.0000000        

Mo 42 19 3 1 1 1 1 1 1 1 1 1 1 2 1 1 1 1 1 3 1

s       1.53376230E+01        -0.31757934       
s       7.40356400E+00         2.22223456       
s       3.70217700E+00        -5.41285437       

s       1.90934600E+00         1.0000000        

s       1.01065200E+00         1.0000000        

s       5.46144000E-01         1.0000000        

s       2.99604000E-01         1.0000000        

s       1.65867000E-01         1.0000000        

s       9.21090000E-02         1.0000000        

p       1.33368000E+00         1.0000000        

p       4.99730000E-01         1.0000000        

p       2.02549000E-01         1.0000000        

p       8.43950000E-02         1.0000000        

d       3.53498600E+00        -0.02727498       
d       1.16073500E+00         0.16470941       

d       4.32204000E-01         1.0000000        

d       1.68457000E-01         1.0000000        

f       1.52806800E+00         1.0000000        

f       5.87718000E-01         1.0000000        

f       2.35087000E-01         1.0000000        

g       2.11736400E+00        -0.05889875       
g       8.39022000E-01        -0.03732019       
g       3.94556000E-01        -0.00940637       

g       1.97859000E-01         1.0000000        

Tc 43 18 3 1 1 1 1 1 1 1 1 1 2 1 1 1 1 1 3 1

s       1.69036760E+01        -0.37978069       
s       8.24188600E+00         2.47470368       
s       4.01858600E+00        -6.10052739       

s       1.95938900E+00         1.0000000        

s       9.55364000E-01         1.0000000        

s       4.65820000E-01         1.0000000        

s       2.27126000E-01         1.0000000        

s       1.10743000E-01         1.0000000        

p       1.40598420E+00         1.0000000        

p       5.26822600E-01         1.0000000        

p       2.13530500E-01         1.0000000        

p       8.89710000E-02         1.0000000        

d       4.13460800E+00        -0.00243685       
d       1.47430950E+00         0.01427810       

d       5.85669000E-01         1.0000000        

d       2.41992000E-01         1.0000000        

f       1.77819230E+00         1.0000000        

f       6.83920110E-01         1.0000000        

f       2.73568040E-01         1.0000000        

g       4.92181100E+00         0.00727131       
g       1.97809500E+00         0.02832528       
g       9.31001000E-01         0.00781631       

g       4.64677000E-01         1.0000000        

Ru 44 19 3 1 1 1 1 1 1 1 1 1 1 2 1 1 1 1 1 3 1

s       1.51952080E+01        -0.60287979       
s       8.28960000E+00         3.78677940       
s       4.53236300E+00        -7.82314027       

s       2.48275200E+00         1.0000000        

s       1.36211000E+00         1.0000000        

s       7.48191000E-01         1.0000000        

s       4.11326000E-01         1.0000000        

s       2.26248000E-01         1.0000000        

s       1.24468000E-01         1.0000000        

p       1.50156413E+00         1.0000000        

p       5.62636437E-01         1.0000000        

p       2.28046545E-01         1.0000000        

p       9.50193940E-02         1.0000000        

d       4.73423000E+00         0.02968136       
d       1.78788400E+00        -0.11844286       

d       7.39134000E-01         1.0000000        

d       3.15527000E-01         1.0000000        

f       1.94722036E+00         1.0000000        

f       7.48930908E-01         1.0000000        

f       2.99572363E-01         1.0000000        

g       4.92181100E+00         0.00727131       
g       1.97809500E+00         0.02832528       
g       9.31001000E-01         0.00781631       

g       4.64677000E-01         1.0000000        

Rh 45 20 3 1 1 1 1 1 1 1 1 1 1 1 1 1 1 1 1 1 3 1

s       4.92660990E+01         0.11482878       
s       2.24341640E+01        -0.64997423       
s       1.02158150E+01         2.78377562       

s       4.65197500E+00         1.0000000        

s       2.11837500E+00         1.0000000        

s       9.64648000E-01         1.0000000        

s       4.39274000E-01         1.0000000        

s       2.00033000E-01         1.0000000        

s       9.10900000E-02         1.0000000        

p       1.35321300E+00         1.0000000        

p       5.07049000E-01         1.0000000        

p       2.05516000E-01         1.0000000        

p       8.56317000E-01         1.0000000        

d       4.02852100E+00         1.0000000        

d       1.97028500E+00         1.0000000        

d       1.02053200E+00         1.0000000        

d       5.39209000E-01         1.0000000        

f       1.81364500E+00         1.0000000        

f       6.97556000E-01         1.0000000        

f       2.79022000E-01         1.0000000        

g       7.69775200E+00        -0.00800079       
g       2.79648100E+00        -0.13674565       
g       1.08253300E+00        -0.06853561       

g       4.28418000E-01         1.0000000        

Pd 46 18 3 1 1 1 1 1 1 1 1 1 1 3 1 1 1 1 3 1

s       4.74004790E+01         0.13507029       
s       2.22869020E+01        -0.83245413       
s       1.05958100E+01         3.63472231       

s       5.08554100E+00         1.0000000        

s       2.46002200E+00         1.0000000        

s       1.19730000E+00         1.0000000        

s       5.85300000E-01         1.0000000        

s       2.86883000E-01         1.0000000        

s       1.40740000E-01         1.0000000        

p       1.35810102E+00         1.0000000        

p       5.08880700E-01         1.0000000        

p       2.06258400E-01         1.0000000        

p       8.59410000E-02         1.0000000        

d       2.01877590E+01         0.00404966       
d       5.95347000E+00         0.00649898       
d       1.83022800E+00        -0.09250224       

d       5.70727000E-01         1.0000000        

f       2.02083610E+00         1.0000000        

f       7.77244690E-01         1.0000000        

f       3.10897870E-01         1.0000000        

g       1.76748930E+01         0.01442916       
g       6.22277800E+00        -0.04716642       
g       2.21906300E+00        -0.11002883       

g       7.94737000E-01         1.0000000        

Ag 47 19 3 1 1 1 1 1 1 1 1 1 1 2 1 1 1 1 1 3 1

s       4.72194100E+01         0.16364625       
s       2.31053870E+01        -1.01702225       
s       1.13059510E+01         4.30519587       

s       5.53225200E+00         1.0000000        

s       2.70705800E+00         1.0000000        

s       1.32462800E+00         1.0000000        

s       6.48173000E-01         1.0000000        

s       3.17167000E-01         1.0000000        

s       1.55198000E-01         1.0000000        

p       1.43704200E+00         1.0000000        

p       5.38460000E-01         1.0000000        

p       2.18247000E-01         1.0000000        

p       9.09360000E-02         1.0000000        

d       6.88465200E+00         0.02316408       
d       2.74784400E+00        -0.08354297       

d       1.17620700E+00         1.0000000        

d       5.15934000E-01         1.0000000        

f       2.24705400E+00         1.0000000        

f       8.64251000E-01         1.0000000        

f       3.45700000E-01         1.0000000        

g       4.27460000E+00        -0.07974150       
g       2.24974500E+00        -0.08376761       
g       1.37497400E+00        -0.00963984       

g       8.88073000E-01         1.0000000        

Cd 48 18 3 1 1 1 1 1 1 1 1 1 1 3 1 1 1 1 3 1

s       2.11426330E+01        -0.79233906       
s       1.12009150E+01         5.12992289       
s       5.93405700E+00       -11.40298460       

s       3.14378800E+00         1.0000000        

s       1.66554800E+00         1.0000000        

s       8.82396000E-01         1.0000000        

s       4.67489000E-01         1.0000000        

s       2.47673000E-01         1.0000000        

s       1.31216000E-01         1.0000000        

p       1.79977520E+00         1.0000000        

p       6.74376200E-01         1.0000000        

p       2.73336600E-01         1.0000000        

p       1.13890200E-01         1.0000000        

d       7.66514000E+00        -0.01100368       
d       3.13853900E+00         0.05082699       
d       1.41790500E+00        -0.02311503       

d       6.58050000E-01         1.0000000        

f       2.82881830E+00         1.0000000        

f       1.08800700E+00         1.0000000        

f       4.35202800E-01         1.0000000        

g       4.64024000E+00        -0.00301840       
g       2.45274700E+00        -0.02401241       
g       1.64272200E+00         0.02703853       

g       1.17047400E+00         1.0000000        

In 49 10 3 1 1 1 1 1 2 1 1 1

s       1.69909700E+00         0.06979202       
s       6.94099000E-01        -0.29871004       
s       3.27267000E-01         0.24489893       

s       1.70036000E-01         1.0000000        

s       9.14530000E-02         1.0000000        

p       6.75539330E-01         1.0000000        

p       2.69676380E-01         1.0000000        

p       1.12365160E-01         1.0000000        

d       7.74374000E-01        -0.00947470       
d       2.94668000E-01         0.02981986       

d       1.12787000E-01         1.0000000        

f       2.92237000E-01         1.0000000        

g       3.20000000E-01         1.0000000        

Sn 50 12 2 1 1 1 2 1 1 2 1 1 1 1

s       1.63491000E+00         0.18462982       
s       8.31686000E-01        -0.56706446       

s       4.29717000E-01         1.0000000        

s       2.24136000E-01         1.0000000        

s       1.17278000E-01         1.0000000        

p       2.06910300E+00        -0.01212238       
p       8.15525000E-01         0.00895817       

p       3.35016000E-01         1.0000000        

p       1.39590000E-01         1.0000000        

d       2.66251200E+00        -0.00120082       
d       9.96546000E-01         0.01427633       

d       3.89458000E-01         1.0000000        

d       1.54476000E-01         1.0000000        

f       3.65999000E-01         1.0000000        

g       3.66000000E-01         1.0000000        

Sb 51 13 2 1 1 1 1 2 1 1 2 1 1 1 1

s       4.39205500E+00        -0.05661921       
s       2.12273900E+00         0.33390631       

s       1.03467900E+00         1.0000000        

s       5.07415000E-01         1.0000000        

s       2.49756000E-01         1.0000000        

s       1.23085000E-01         1.0000000        

p       2.60080500E+00        -0.01487142       
p       9.74522000E-01         0.01199249       

p       3.94991000E-01         1.0000000        

p       1.64579000E-01         1.0000000        

d       3.12491550E+00         0.00078821       
d       1.16251550E+00        -0.00588611       

d       4.53413000E-01         1.0000000        

d       1.79744000E-01         1.0000000        

f       3.85388128E-01         1.0000000        

g       4.22000000E-01         1.0000000        

Te 52 12 2 1 1 1 2 1 1 2 1 1 1 1

s       1.96183700E+00         0.30630619       
s       9.80681000E-01        -1.04299892       

s       5.19829000E-01         1.0000000        

s       2.85906000E-01         1.0000000        

s       1.59245000E-01         1.0000000        

p       2.94358500E+00         0.01573969       
p       1.10296200E+00        -0.01459320       

p       4.47050000E-01         1.0000000        

p       1.86270000E-01         1.0000000        

d       3.58731900E+00         0.00358389       
d       1.32848500E+00        -0.02423146       

d       5.17368000E-01         1.0000000        

d       2.05012000E-01         1.0000000        

f       4.73999900E-01         1.0000000        

g       4.74000000E-01         1.0000000        

I 53 10 3 1 1 1 1 1 2 1 1 1

s       7.49138900E+00        -0.05620974       
s       2.84432000E+00         0.37265986       
s       1.14374400E+00        -1.10338383       

s       4.76822000E-01         1.0000000        

s       2.01251000E-01         1.0000000        

p       1.21957600E+00         1.0000000        

p       4.86856000E-01         1.0000000        

p       2.02856000E-01         1.0000000        

d       1.46102300E+00         0.01976032       
d       5.43002000E-01        -0.06457375       

d       2.02307000E-01         1.0000000        

f       4.85844740E-01         1.0000000        

g       5.32000000E-01         1.0000000        

Xe 54 12 4 1 1 1 1 1 1 1 2 1 1 1

s       1.35700920E+01         0.02573819       
s       6.09401700E+00        -0.21613184       
s       2.93348100E+00         0.94374761       
s       1.50036800E+00        -1.68889682       

s       8.06602000E-01         1.0000000        

s       4.50061000E-01         1.0000000        

s       2.56962000E-01         1.0000000        

s       1.47859000E-01         1.0000000        

p       1.21957600E+00         1.0000000        

p       4.86856000E-01         1.0000000        

p       2.02856000E-01         1.0000000        

d       1.46102300E+00         0.01707032       
d       5.43002000E-01        -0.10550766       

d       2.02307000E-01         1.0000000        

f       4.85844740E-01         1.0000000        

g       5.32000000E-01         1.0000000        

