cc-pV6Z
BASIS:
H 1 21 5 1 1 1 1 1 1 1 1 1 1 1 1 1 1 1 1 1 1 1 1

s    1776.7755600              0.0000440        
s     254.0177120              0.0003720        
s      54.6980390              0.0020940        
s      15.0183440              0.0088630        
s       4.91507800             0.0305400        

s       1.79492400             1.0000000        

s       0.71071600             1.0000000        

s       0.30480200             1.0000000        

s       0.13804600             1.0000000        

s       0.06215700             1.0000000        

p       8.6490000              1.0000000        

p       3.4300000              1.0000000        

p       1.3600000              1.0000000        

p       0.5390000              1.0000000        

p       0.2140000              1.0000000        

d       4.4530000              1.0000000        

d       1.9580000              1.0000000        

d       0.8610000              1.0000000        

d       0.3780000              1.0000000        

f       4.1000000              1.0000000        

f       1.7800000              1.0000000        

f       0.7730000              1.0000000        

g       3.1990000              1.0000000        

g       1.3260000              1.0000000        

h       2.6530000              1.0000000        

He 2 21 5 1 1 1 1 1 1 1 1 1 1 1 1 1 1 1 1 1 1 1 1

s    4785.0000000              0.0000006        
s     717.0000000              0.0000047        
s     163.2000000              0.0000244        
s      46.2600000              0.0001012        
s      15.1000000              0.0003486        

s       5.4370000              1.0000000        

s       2.0880000              1.0000000        

s       0.8297000              1.0000000        

s       0.3366000              1.0000000        

s       0.1369000              1.0000000        

p       0.3870000              1.0000000        

p       0.9840000              1.0000000        

p       2.4980000              1.0000000        

p       6.3420000              1.0000000        

p      16.1040000              1.0000000        

d       0.7470000              1.0000000        

d       1.9100000              1.0000000        

d       4.8860000              1.0000000        

d      12.4980000              1.0000000        

f       1.2920000              1.0000000        

f       3.4620000              1.0000000        

f       9.2760000              1.0000000        

g       2.2360000              1.0000000        

g       6.5860000              1.0000000        

h       4.1590000              1.0000000        

Li 3 15 9 9 1 1 1 3 1 1 1 1 1 1 1 1 1

s    6601.0000000              0.0001428
s     989.7000000              0.0009372
s     225.7000000              0.0047683
s      64.2900000              0.0192504
s      21.1800000              0.0631135
s       7.7240000              0.1632570
s       3.0030000              0.3148261
s       1.2120000              0.3938785
s       0.4930000              0.1968621

s    6601.0000000             -0.0000223
s     989.7000000             -0.0001464
s     225.7000000             -0.0007479
s      64.2900000             -0.0030295
s      21.1800000             -0.0101354
s       7.7240000             -0.0271075
s       3.0030000             -0.0573626
s       1.2120000             -0.0939079
s       0.4930000             -0.1210364

s       0.0951500              1.0000000

s       0.0479100              1.0000000

s       0.0222000              1.0000000

p       6.2500000              0.0033908
p       1.3700000              0.0193161
p       0.3672000              0.0791011

p       0.1192000              1.0000000

p       0.0447400              1.0000000

p       0.0179500              1.0000000

d       0.3440000              1.0000000

d       0.1530000              1.0000000

d       0.0680000              1.0000000

f       0.2460000              1.0000000

f       0.1292000              1.0000000

g       0.2380000              1.0000000

Be 4 15 9 9 1 1 1 3 1 1 1 1 1 1 1 1 1

s   14630.0000000              0.0001304
s    2191.0000000              0.0007604
s     498.2000000              0.0038026
s     140.9000000              0.0155612
s      45.8600000              0.0529953
s      16.4700000              0.1458045
s       6.3190000              0.3027037
s       2.5350000              0.4048329
s       1.0350000              0.2222552

s   14630.0000000             -0.0000237
s    2191.0000000             -0.0001391
s     498.2000000             -0.0006922
s     140.9000000             -0.0028756
s      45.8600000             -0.0098388
s      16.4700000             -0.0286430
s       6.3190000             -0.0637779
s       2.5350000             -0.1172570
s       1.0350000             -0.1210701

s       0.2528000              1.0000000

s       0.1052000              1.0000000

s       0.0426100              1.0000000

p      14.0300000              0.0041084
p       3.1680000              0.0256337
p       0.9024000              0.1037812

p       0.3036000              1.0000000

p       0.1130000              1.0000000

p       0.0428600              1.0000000

d       1.0720000              1.0000000

d       0.4410000              1.0000000

d       0.1811000              1.0000000

f       0.4810000              1.0000000

f       0.2550000              1.0000000

g       0.4150000              1.0000000

B 5 28 11 11 1 1 1 1 1 5 1 1 1 1 1 1 1 1 1 1 1 1 1 1 1 1 1 1 1 1

s  210400.0000000              0.00000583       
s   31500.0000000              0.00004532       
s    7169.0000000              0.00023838       
s    2030.0000000              0.00100570       
s     662.5000000              0.00364496       
s     239.2000000              0.01173628       
s      93.2600000              0.03380702       
s      38.6400000              0.08556593       
s      16.7800000              0.18260322       
s       7.5410000              0.30583760       
s       3.4820000              0.34080347       

s  210400.0000000             -0.00000118       
s   31500.0000000             -0.00000915       
s    7169.0000000             -0.00004819       
s    2030.0000000             -0.00020306       
s     662.5000000             -0.00073917       
s     239.2000000             -0.00238603       
s      93.2600000             -0.00698654       
s      38.6400000             -0.01811594       
s      16.7800000             -0.04123129       
s       7.5410000             -0.07781353       
s       3.4820000             -0.12123181       

s       1.6180000              1.0000000        

s       0.6270000              1.0000000        

s       0.2934000              1.0000000        

s       0.1310000              1.0000000        

s       0.0581500              1.0000000        

p     192.5000000              0.00013490       
p      45.6400000              0.00114741       
p      14.7500000              0.00584793       
p       5.5030000              0.02117091       
p       2.2220000              0.06266872       

p       0.9590000              1.0000000        

p       0.4314000              1.0000000        

p       0.1969000              1.0000000        

p       0.0903300              1.0000000        

p       0.0406600              1.0000000        

d       2.8860000              1.0000000        

d       1.2670000              1.0000000        

d       0.5560000              1.0000000        

d       0.2440000              1.0000000        

d       0.1070000              1.0000000        

f       1.6510000              1.0000000        

f       0.8002000              1.0000000        

f       0.3878000              1.0000000        

f       0.1880000              1.0000000        

g       1.6469000              1.0000000        

g       0.7889000              1.0000000        

g       0.3779000              1.0000000        

h       1.3120000              1.0000000        

h       0.5806000              1.0000000        

i       0.9847000              1.0000000        

C 6 28 11 11 1 1 1 1 1 5 1 1 1 1 1 1 1 1 1 1 1 1 1 1 1 1 1 1 1 1

s  312100.0000000              0.00000567       
s   46740.0000000              0.00004410       
s   10640.0000000              0.00023190       
s    3013.0000000              0.00097897       
s     982.8000000              0.00355163       
s     354.8000000              0.01144061       
s     138.4000000              0.03299855       
s      57.3500000              0.08405347       
s      24.9200000              0.18067613       
s      11.2300000              0.30491140       
s       5.2010000              0.34141570       

s  312100.0000000             -0.00000121       
s   46740.0000000             -0.00000939       
s   10640.0000000             -0.00004947       
s    3013.0000000             -0.00020857       
s     982.8000000             -0.00076015       
s     354.8000000             -0.00245469       
s     138.4000000             -0.00720153       
s      57.3500000             -0.01880742       
s      24.9200000             -0.04325001       
s      11.2300000             -0.08259733       
s       5.2010000             -0.12857592       

s       2.4260000              1.0000000        

s       0.9673000              1.0000000        

s       0.4456000              1.0000000        

s       0.1971000              1.0000000        

s       0.0863500              1.0000000        

p     295.2000000              0.00014249       
p      69.9800000              0.00122010       
p      22.6400000              0.00633696       
p       8.4850000              0.02351875       
p       3.4590000              0.06990447       

p       1.5040000              1.0000000        

p       0.6783000              1.0000000        

p       0.3087000              1.0000000        

p       0.1400000              1.0000000        

p       0.0617800              1.0000000        

d       4.5420000              1.0000000        

d       1.9790000              1.0000000        

d       0.8621000              1.0000000        

d       0.3756000              1.0000000        

d       0.1636000              1.0000000        

f       2.6310000              1.0000000        

f       1.2550000              1.0000000        

f       0.5988000              1.0000000        

f       0.2857000              1.0000000        

g       2.6520000              1.0000000        

g       1.2040000              1.0000000        

g       0.5470000              1.0000000        

h       2.0300000              1.0000000        

h       0.8511000              1.0000000        

i       1.4910000              1.0000000        

N 7 28 11 11 1 1 1 1 1 5 1 1 1 1 1 1 1 1 1 1 1 1 1 1 1 1 1 1 1 1

s  432300.0000000              0.00000559       
s   64700.0000000              0.00004351       
s   14720.0000000              0.00022893       
s    4170.0000000              0.00096502       
s    1361.0000000              0.00350219       
s     491.2000000              0.01129212       
s     191.6000000              0.03261283       
s      79.4100000              0.08329727       
s      34.5300000              0.17998566       
s      15.5800000              0.30500351       
s       7.2320000              0.34115932       

s  432300.0000000             -0.00000123       
s   64700.0000000             -0.00000958       
s   14720.0000000             -0.00005051       
s    4170.0000000             -0.00021264       
s    1361.0000000             -0.00077534       
s     491.2000000             -0.00250624       
s     191.6000000             -0.00736529       
s      79.4100000             -0.01930167       
s      34.5300000             -0.04471738       
s      15.5800000             -0.08606647       
s       7.2320000             -0.13329627       

s       3.3820000              1.0000000        

s       1.3690000              1.0000000        

s       0.6248000              1.0000000        

s       0.2747000              1.0000000        

s       0.1192000              1.0000000        

p     415.9000000              0.00014841       
p      98.6100000              0.00127634       
p      31.9200000              0.00670242       
p      12.0000000              0.02526170       
p       4.9190000              0.07518943       

p       2.1480000              1.0000000        

p       0.9696000              1.0000000        

p       0.4399000              1.0000000        

p       0.1978000              1.0000000        

p       0.0860300              1.0000000        

d       6.7170000              1.0000000        

d       2.8960000              1.0000000        

d       1.2490000              1.0000000        

d       0.5380000              1.0000000        

d       0.2320000              1.0000000        

f       3.8290000              1.0000000        

f       1.7950000              1.0000000        

f       0.8410000              1.0000000        

f       0.3940000              1.0000000        

g       3.8560000              1.0000000        

g       1.7020000              1.0000000        

g       0.7510000              1.0000000        

h       2.8750000              1.0000000        

h       1.1700000              1.0000000        

i       2.0990000              1.0000000        

O 8 28 11 11 1 1 1 1 1 5 1 1 1 1 1 1 1 1 1 1 1 1 1 1 1 1 1 1 1 1

s  570800.0000000              0.00000555       
s   85480.0000000              0.00004311       
s   19460.0000000              0.00022667       
s    5512.0000000              0.00095637       
s    1798.0000000              0.00347320       
s     648.9000000              0.01119778       
s     253.1000000              0.03238766       
s     104.9000000              0.08285977       
s      45.6500000              0.17958381       
s      20.6200000              0.30522110       
s       9.5870000              0.34089349       

s  570800.0000000             -0.00000126       
s   85480.0000000             -0.00000977       
s   19460.0000000             -0.00005148       
s    5512.0000000             -0.00021696       
s    1798.0000000             -0.00079162       
s     648.9000000             -0.00255900       
s     253.1000000             -0.00753313       
s     104.9000000             -0.01978897       
s      45.6500000             -0.04606288       
s      20.6200000             -0.08919560       
s       9.5870000             -0.13754216       

s       4.4930000              1.0000000        

s       1.8370000              1.0000000        

s       0.8349000              1.0000000        

s       0.3658000              1.0000000        

s       0.1570000              1.0000000        

p     525.6000000              0.00016664       
p     124.6000000              0.00143336       
p      40.3400000              0.00754762       
p      15.1800000              0.02859456       
p       6.2450000              0.08438858       

p       2.7320000              1.0000000        

p       1.2270000              1.0000000        

p       0.5492000              1.0000000        

p       0.2418000              1.0000000        

p       0.1025000              1.0000000        

d       8.2530000              1.0000000        

d       3.5970000              1.0000000        

d       1.5680000              1.0000000        

d       0.6840000              1.0000000        

d       0.2980000              1.0000000        

f       5.4300000              1.0000000        

f       2.4160000              1.0000000        

f       1.0750000              1.0000000        

f       0.4780000              1.0000000        

g       5.2110000              1.0000000        

g       2.1900000              1.0000000        

g       0.9200000              1.0000000        

h       3.8720000              1.0000000        

h       1.5050000              1.0000000        

i       2.7730000              1.0000000        

F 9 28 11 11 1 1 1 1 1 5 1 1 1 1 1 1 1 1 1 1 1 1 1 1 1 1 1 1 1 1

s  723500.0000000              0.00000556       
s  108400.0000000              0.00004318       
s   24680.0000000              0.00022700       
s    6990.0000000              0.00095803       
s    2282.0000000              0.00347015       
s     824.6000000              0.01118526       
s     321.8000000              0.03232880       
s     133.5000000              0.08279545       
s      58.1100000              0.17988024       
s      26.2800000              0.30557831       
s      12.2400000              0.34026839       

s  723500.0000000             -0.00000129       
s  108400.0000000             -0.00000999       
s   24680.0000000             -0.00005260       
s    6990.0000000             -0.00022172       
s    2282.0000000             -0.00080692       
s     824.6000000             -0.00260817       
s     321.8000000             -0.00767402       
s     133.5000000             -0.02019353       
s      58.1100000             -0.04718752       
s      26.2800000             -0.09158009       
s      12.2400000             -0.14048558       

s       5.7470000              1.0000000        

s       2.3650000              1.0000000        

s       1.0710000              1.0000000        

s       0.4681000              1.0000000        

s       0.1994000              1.0000000        

p     660.0000000              0.00017721       
p     156.4000000              0.00152691       
p      50.6400000              0.00807207       
p      19.0800000              0.03074021       
p       7.8720000              0.09011914       

p       3.4490000              1.0000000        

p       1.5450000              1.0000000        

p       0.6864000              1.0000000        

p       0.2986000              1.0000000        

p       0.1245000              1.0000000        

d      10.5730000              1.0000000        

d       4.6130000              1.0000000        

d       2.0130000              1.0000000        

d       0.8780000              1.0000000        

d       0.3830000              1.0000000        

f       7.5630000              1.0000000        

f       3.3300000              1.0000000        

f       1.4660000              1.0000000        

f       0.6450000              1.0000000        

g       6.7350000              1.0000000        

g       2.7830000              1.0000000        

g       1.1500000              1.0000000        

h       5.0880000              1.0000000        

h       1.9370000              1.0000000        

i       3.5810000              1.0000000        

Ne 10 28 11 11 1 1 1 1 1 5 1 1 1 1 1 1 1 1 1 1 1 1 1 1 1 1 1 1 1 1

s  902400.0000000              0.00000551       
s  135100.0000000              0.00004282       
s   30750.0000000              0.00022514       
s    8710.0000000              0.00095016       
s    2842.0000000              0.00344719       
s    1026.0000000              0.01112545       
s     400.1000000              0.03220568       
s     165.9000000              0.08259891       
s      72.2100000              0.17990564       
s      32.6600000              0.30605208       
s      15.2200000              0.34012559       

s  902400.0000000             -0.00000129       
s  135100.0000000             -0.00001005       
s   30750.0000000             -0.00005293       
s    8710.0000000             -0.00022312       
s    2842.0000000             -0.00081338       
s    1026.0000000             -0.00263230       
s     400.1000000             -0.00775910       
s     165.9000000             -0.02045277       
s      72.2100000             -0.04797505       
s      32.6600000             -0.09340086       
s      15.2200000             -0.14277215       

s       7.1490000              1.0000000        

s       2.9570000              1.0000000        

s       1.3350000              1.0000000        

s       0.5816000              1.0000000        

s       0.2463000              1.0000000        

p     815.6000000              0.00018376       
p     193.3000000              0.00158509       
p      62.6000000              0.00841464       
p      23.6100000              0.03220033       
p       9.7620000              0.09396390       

p       4.2810000              1.0000000        

p       1.9150000              1.0000000        

p       0.8476000              1.0000000        

p       0.3660000              1.0000000        

p       0.1510000              1.0000000        

d      13.3170000              1.0000000        

d       5.8030000              1.0000000        

d       2.5290000              1.0000000        

d       1.1020000              1.0000000        

d       0.4800000              1.0000000        

f      10.3560000              1.0000000        

f       4.5380000              1.0000000        

f       1.9890000              1.0000000        

f       0.8710000              1.0000000        

g       8.3450000              1.0000000        

g       3.4170000              1.0000000        

g       1.3990000              1.0000000        

h       6.5190000              1.0000000        

h       2.4470000              1.0000000        

i       4.4890000              1.0000000        

Na 11 17 16 16 16 1 1 1 9 9 1 1 1 1 1 1 1 1 1

s  1224000.0000000             0.0000384
s  183200.0000000              0.0001214
s   41700.0000000              0.0003735
s   11810.0000000              0.0011226
s    3853.0000000              0.0034243
s    1391.0000000              0.0102715
s     542.5000000              0.0289918
s     224.9000000              0.0741036
s      97.9300000              0.1636649
s      44.3100000              0.2887998
s      20.6500000              0.3459070
s       9.7290000              0.2058713
s       4.2280000              0.0325950
s       1.9690000             -0.0006392
s       0.8890000              0.0014474
s       0.3964000             -0.0001751

s  1224000.0000000            -0.0000094
s  183200.0000000             -0.0000297
s   41700.0000000             -0.0000916
s   11810.0000000             -0.0002753
s    3853.0000000             -0.0008427
s    1391.0000000             -0.0025382
s     542.5000000             -0.0072706
s     224.9000000             -0.0190949
s      97.9300000             -0.0450056
s      44.3100000             -0.0901063
s      20.6500000             -0.1429400
s       9.7290000             -0.1232733
s       4.2280000              0.1016495
s       1.9690000              0.4178921
s       0.8890000              0.4740231
s       0.3964000              0.1619561

s  1224000.0000000             0.0000014
s  183200.0000000              0.0000045
s   41700.0000000              0.0000138
s   11810.0000000              0.0000414
s    3853.0000000              0.0001269
s    1391.0000000              0.0003813
s     542.5000000              0.0010962
s     224.9000000              0.0028743
s      97.9300000              0.0068266
s      44.3100000              0.0137060
s      20.6500000              0.0222733
s       9.7290000              0.0194615
s       4.2280000             -0.0171479
s       1.9690000             -0.0774282
s       0.8890000             -0.1139147
s       0.3964000             -0.1380056

s       0.0699300              1.0000000

s       0.0328900              1.0000000

s       0.0161200              1.0000000

p     413.4000000              0.0009678
p      97.9800000              0.0075358
p      31.3700000              0.0359650
p      11.6200000              0.1187550
p       4.6710000              0.2614638
p       1.9180000              0.3782233
p       0.7775000              0.3344927
p       0.3013000              0.1267953
p       0.2275000             -0.0146216

p     413.4000000             -0.0000961
p      97.9800000             -0.0007513
p      31.3700000             -0.0035957
p      11.6200000             -0.0120397
p       4.6710000             -0.0267252
p       1.9180000             -0.0392593
p       0.7775000             -0.0375978
p       0.3013000             -0.0433062
p       0.2275000              0.0518049

p       0.0752700              1.0000000

p       0.0312600              1.0000000

p       0.0134200              1.0000000

d       0.1538000              1.0000000

d       0.0865000              1.0000000

d       0.0487000              1.0000000

f       0.1912000              1.0000000

f       0.1036000              1.0000000

g       0.1722000              1.0000000

Mg 12 17 13 13 13 1 1 1 9 9 1 1 1 1 1 1 1 1 1

s  327600.0000000              0.0001374
s   49050.0000000              0.0004833
s   11150.0000000              0.0017106
s    3152.0000000              0.0059767
s    1025.0000000              0.0199746
s     368.8000000              0.0599650
s     143.2000000              0.1525833
s      58.9600000              0.3010112
s      25.4000000              0.3799765
s      11.1500000              0.2123223
s       4.0040000              0.0229431
s       1.7010000             -0.0022859
s       0.7060000              0.0012788

s  327600.0000000             -0.0000349
s   49050.0000000             -0.0001225
s   11150.0000000             -0.0004355
s    3152.0000000             -0.0015201
s    1025.0000000             -0.0051629
s     368.8000000             -0.0157370
s     143.2000000             -0.0428686
s      58.9600000             -0.0945231
s      25.4000000             -0.1634933
s      11.1500000             -0.1230493
s       4.0040000              0.2381350
s       1.7010000              0.5772301
s       0.7060000              0.3329505

s  327600.0000000              0.0000067
s   49050.0000000              0.0000236
s   11150.0000000              0.0000839
s    3152.0000000              0.0002930
s    1025.0000000              0.0009960
s     368.8000000              0.0030394
s     143.2000000              0.0083179
s      58.9600000              0.0184823
s      25.4000000              0.0327037
s      11.1500000              0.0253174
s       4.0040000             -0.0540287
s       1.7010000             -0.1574594
s       0.7060000             -0.2052544

s       0.1410000              1.0000000

s       0.0680800              1.0000000

s       0.0306300              1.0000000

p     539.6000000              0.0009048
p     127.9000000              0.0070359
p      41.0200000              0.0340630
p      15.2500000              0.1147194
p       6.1660000              0.2596377
p       2.5610000              0.3849025
p       1.0600000              0.3351348
p       0.4176000              0.1105931
p       0.2690000             -0.0120673

p     539.6000000             -0.0001429
p     127.9000000             -0.0011146
p      41.0200000             -0.0054224
p      15.2500000             -0.0185437
p       6.1660000             -0.0426194
p       2.5610000             -0.0644771
p       1.0600000             -0.0626349
p       0.4176000             -0.0244757
p       0.2690000              0.1040184

p       0.1223000              1.0000000

p       0.0547600              1.0000000

p       0.0238800              1.0000000

d       0.1060000              1.0000000

d       0.1944000              1.0000000

d       0.3570000              1.0000000

f       0.1810000              1.0000000

f       0.3590000              1.0000000

g       0.3070000              1.0000000

Al 13 30 16 16 16 1 1 1 1 1 9 9 1 1 1 1 1 1 1 1 1 1 1 1 1 1 1 1 1 1 1 1

s  3652000.0000000             0.0000019        
s  546800.0000000              0.0000145        
s  124500.0000000              0.0000762        
s   35440.0000000              0.0003158        
s   11840.0000000              0.0010974        
s    4434.0000000              0.0033697        
s    1812.0000000              0.0093222        
s     791.5000000              0.0237992        
s     361.0000000              0.0568191        
s     169.5000000              0.1224680        
s      81.6800000              0.2238970        
s      40.2800000              0.3134460        
s      20.2500000              0.2749750        
s      10.2300000              0.1105640        
s       4.8020000              0.0119215        
s       2.3390000              0.0006528        

s  3652000.0000000            -0.0000005        
s  546800.0000000             -0.0000038        
s  124500.0000000             -0.0000198        
s   35440.0000000             -0.0000821        
s   11840.0000000             -0.0002858        
s    4434.0000000             -0.0008785        
s    1812.0000000             -0.0024482        
s     791.5000000             -0.0063100        
s     361.0000000             -0.0154854        
s     169.5000000             -0.0349589        
s      81.6800000             -0.0707729        
s      40.2800000             -0.1194230        
s      20.2500000             -0.1488420        
s      10.2300000             -0.0590465        
s       4.8020000              0.2166930        
s       2.3390000              0.4765570        

s  3652000.0000000             0.0000001        
s  546800.0000000              0.0000009        
s  124500.0000000              0.0000046        
s   35440.0000000              0.0000190        
s   11840.0000000              0.0000659        
s    4434.0000000              0.0002031        
s    1812.0000000              0.0005647        
s     791.5000000              0.0014620        
s     361.0000000              0.0035794        
s     169.5000000              0.0081516        
s      81.6800000              0.0165276        
s      40.2800000              0.0285467        
s      20.2500000              0.0361484        
s      10.2300000              0.0153804        
s       4.8020000             -0.0612141        
s       2.3390000             -0.1512630        

s       1.1630000              1.0000000        

s       0.5882000              1.0000000        

s       0.2311000              1.0000000        

s       0.1027000              1.0000000        

s       0.0452100              1.0000000        

p    2884.0000000              0.0000638        
p     683.2000000              0.0005631        
p     222.0000000              0.0031691        
p      84.8200000              0.0132401        
p      35.8100000              0.0433403        
p      16.2200000              0.1119500        
p       7.7020000              0.2177960        
p       3.7410000              0.3116750        
p       1.8310000              0.3167220        

p    2884.0000000             -0.0000080        
p     683.2000000             -0.0000651        
p     222.0000000             -0.0003999        
p      84.8200000             -0.0015369        
p      35.8100000             -0.0055644        
p      16.2200000             -0.0131106        
p       7.7020000             -0.0297200        
p       3.7410000             -0.0347195        
p       1.8310000             -0.0551621        

p       0.8878000              1.0000000        

p       0.3989000              1.0000000        

p       0.1718000              1.0000000        

p       0.0729800              1.0000000        

p       0.0306900              1.0000000        

d       2.2143000              1.0000000        

d       0.9449000              1.0000000        

d       0.4032000              1.0000000        

d       0.1721000              1.0000000        

d       0.0734300              1.0000000        

f       0.8756000              1.0000000        

f       0.4472000              1.0000000        

f       0.2284000              1.0000000        

f       0.1167000              1.0000000        

g       0.6952000              1.0000000        

g       0.3771000              1.0000000        

g       0.2046000              1.0000000        

h       0.6560000              1.0000000        

h       0.3300000              1.0000000        

i       0.5302000              1.0000000        

Si 14 30 16 16 16 1 1 1 1 1 9 9 1 1 1 1 1 1 1 1 1 1 1 1 1 1 1 1 1 1 1 1

s  4465000.0000000             0.0000017        
s  668500.0000000              0.0000136        
s  152200.0000000              0.0000714        
s   43300.0000000              0.0002973        
s   14410.0000000              0.0010383        
s    5394.0000000              0.0031747        
s    2212.0000000              0.0087324        
s     968.1000000              0.0223830        
s     441.2000000              0.0537273        
s     207.1000000              0.1166490        
s      99.8000000              0.2159780        
s      49.2400000              0.3095660        
s      24.7400000              0.2839450        
s      12.4700000              0.1222320        
s       5.7950000              0.0141952        
s       2.8300000              0.0003121        

s  4465000.0000000            -0.0000005        
s  668500.0000000             -0.0000036        
s  152200.0000000             -0.0000190        
s   43300.0000000             -0.0000791        
s   14410.0000000             -0.0002769        
s    5394.0000000             -0.0008472        
s    2212.0000000             -0.0023478        
s     968.1000000             -0.0060705        
s     441.2000000             -0.0149711        
s     207.1000000             -0.0339729        
s      99.8000000             -0.0694584        
s      49.2400000             -0.1190010        
s      24.7400000             -0.1536450        
s      12.4700000             -0.0704684        
s       5.7950000              0.2131490        
s       2.8300000              0.4915960        

s  4465000.0000000             0.0000001        
s  668500.0000000              0.0000009        
s  152200.0000000              0.0000049        
s   43300.0000000              0.0000203        
s   14410.0000000              0.0000709        
s    5394.0000000              0.0002172        
s    2212.0000000              0.0006013        
s     968.1000000              0.0015591        
s     441.2000000              0.0038443        
s     207.1000000              0.0087797        
s      99.8000000              0.0180388        
s      49.2400000              0.0315224        
s      24.7400000              0.0416905        
s      12.4700000              0.0200973        
s       5.7950000             -0.0667484        
s       2.8300000             -0.1819060        

s       1.4070000              1.0000000        

s       0.6995000              1.0000000        

s       0.3083000              1.0000000        

s       0.1385000              1.0000000        

s       0.0614500              1.0000000        

p    3572.0000000              0.0000599        
p     846.0000000              0.0005296        
p     274.8000000              0.0029958        
p     105.0000000              0.0126335        
p      44.3500000              0.0419044        
p      20.0800000              0.1102590        
p       9.5300000              0.2188310        
p       4.6340000              0.3178280        
p       2.2800000              0.3194250        

p    3572.0000000             -0.0000128        
p     846.0000000             -0.0001126        
p     274.8000000             -0.0006402        
p     105.0000000             -0.0027029        
p      44.3500000             -0.0090789        
p      20.0800000             -0.0242348        
p       9.5300000             -0.0493460        
p       4.6340000             -0.0725859        
p       2.2800000             -0.0804258        

p       1.1160000              1.0000000        

p       0.4991000              1.0000000        

p       0.2254000              1.0000000        

p       0.1001000              1.0000000        

p       0.0433200              1.0000000        

d       3.2386000              1.0000000        

d       1.3767000              1.0000000        

d       0.5853000              1.0000000        

d       0.2488000              1.0000000        

d       0.1058000              1.0000000        

f       1.3510000              1.0000000        

f       0.6600000              1.0000000        

f       0.3225000              1.0000000        

f       0.1575000              1.0000000        

g       0.8528000              1.0000000        

g       0.4631000              1.0000000        

g       0.2515000              1.0000000        

h       0.8557000              1.0000000        

h       0.4231000              1.0000000        

i       0.6946000              1.0000000        

P 15 30 16 16 16 1 1 1 1 1 9 9 1 1 1 1 1 1 1 1 1 1 1 1 1 1 1 1 1 1 1 1

s  5384000.0000000             0.0000016        
s  806200.0000000              0.0000128        
s  183600.0000000              0.0000672        
s   52250.0000000              0.0002797        
s   17390.0000000              0.0009767        
s    6523.0000000              0.0029684        
s    2687.0000000              0.0081240        
s    1178.0000000              0.0209200        
s     536.2000000              0.0505590        
s     251.5000000              0.1104790        
s     121.3000000              0.2069570        
s      59.8800000              0.3047370        
s      30.0500000              0.2929520        
s      15.1200000              0.1355610        
s       7.0100000              0.0173208        
s       3.4410000             -0.0000352        

s  5384000.0000000            -0.0000004        
s  806200.0000000             -0.0000035        
s  183600.0000000             -0.0000183        
s   52250.0000000             -0.0000759        
s   17390.0000000             -0.0002657        
s    6523.0000000             -0.0008080        
s    2687.0000000             -0.0022273        
s    1178.0000000             -0.0057833        
s     536.2000000             -0.0143438        
s     251.5000000             -0.0327061        
s     121.3000000             -0.0673716        
s      59.8800000             -0.1176470        
s      30.0500000             -0.1572800        
s      15.1200000             -0.0838544        
s       7.0100000              0.1997180        
s       3.4410000              0.4986050        

s  5384000.0000000             0.0000001        
s  806200.0000000              0.0000010        
s  183600.0000000              0.0000050        
s   52250.0000000              0.0000209        
s   17390.0000000              0.0000730        
s    6523.0000000              0.0002221        
s    2687.0000000              0.0006122        
s    1178.0000000              0.0015918        
s     536.2000000              0.0039534        
s     251.5000000              0.0090572        
s     121.3000000              0.0187909        
s      59.8800000              0.0333831        
s      30.0500000              0.0459484        
s      15.1200000              0.0255240        
s       7.0100000             -0.0669496        
s       3.4410000             -0.2036450        

s       1.7120000              1.0000000        

s       0.8337000              1.0000000        

s       0.3912000              1.0000000        

s       0.1777000              1.0000000        

s       0.0793900              1.0000000        

p    4552.0000000              0.0000520        
p    1078.0000000              0.0004604        
p     350.1000000              0.0026208        
p     133.8000000              0.0111873        
p      56.5200000              0.0378229        
p      25.5800000              0.1021160        
p      12.1400000              0.2103140        
p       5.9020000              0.3173830        
p       2.9100000              0.3271650        

p    4552.0000000             -0.0000124        
p    1078.0000000             -0.0001094        
p     350.1000000             -0.0006256        
p     133.8000000             -0.0026734        
p      56.5200000             -0.0091552        
p      25.5800000             -0.0250993        
p      12.1400000             -0.0531810        
p       5.9020000             -0.0815888        
p       2.9100000             -0.0919725        

p       1.4350000              1.0000000        

p       0.6570000              1.0000000        

p       0.3005000              1.0000000        

p       0.1340000              1.0000000        

p       0.0578300              1.0000000        

d       4.3008000              1.0000000        

d       1.8346000              1.0000000        

d       0.7826000              1.0000000        

d       0.3339000              1.0000000        

d       0.1424000              1.0000000        

f       1.8160000              1.0000000        

f       0.8806000              1.0000000        

f       0.4270000              1.0000000        

f       0.2070000              1.0000000        

g       1.0616000              1.0000000        

g       0.5791000              1.0000000        

g       0.3159000              1.0000000        

h       1.0850000              1.0000000        

h       0.5277000              1.0000000        

i       0.8890000              1.0000000        

S 16 30 16 16 16 1 1 1 1 1 9 9 1 1 1 1 1 1 1 1 1 1 1 1 1 1 1 1 1 1 1 1

s  6297000.0000000             0.0000016        
s  943100.0000000              0.0000124        
s  214900.0000000              0.0000649        
s   61250.0000000              0.0002693        
s   20450.0000000              0.0009347        
s    7719.0000000              0.0028083        
s    3198.0000000              0.0076740        
s    1402.0000000              0.0198898        
s     637.2000000              0.0482589        
s     298.9000000              0.1057570        
s     144.3000000              0.2002230        
s      71.2100000              0.3007280        
s      35.7300000              0.2986880        
s      17.9700000              0.1463470        
s       8.3410000              0.0201159        
s       4.1120000             -0.0002488        

s  6297000.0000000            -0.0000004        
s  943100.0000000             -0.0000034        
s  214900.0000000             -0.0000179        
s   61250.0000000             -0.0000744        
s   20450.0000000             -0.0002587        
s    7719.0000000             -0.0007777        
s    3198.0000000             -0.0021396        
s    1402.0000000             -0.0055906        
s     637.2000000             -0.0139076        
s     298.9000000             -0.0317689        
s     144.3000000             -0.0659302        
s      71.2100000             -0.1168320        
s      35.7300000             -0.1597870        
s      17.9700000             -0.0945322        
s       8.3410000              0.1878280        
s       4.1120000              0.5046830        

s  6297000.0000000             0.0000001        
s  943100.0000000              0.0000010        
s  214900.0000000              0.0000052        
s   61250.0000000              0.0000216        
s   20450.0000000              0.0000751        
s    7719.0000000              0.0002258        
s    3198.0000000              0.0006217        
s    1402.0000000              0.0016251        
s     637.2000000              0.0040535        
s     298.9000000              0.0092902        
s     144.3000000              0.0194561        
s      71.2100000              0.0350040        
s      35.7300000              0.0494897        
s      17.9700000              0.0303443        
s       8.3410000             -0.0663661        
s       4.1120000             -0.2231540        

s       2.0450000              1.0000000        

s       0.9770000              1.0000000        

s       0.4766000              1.0000000        

s       0.2185000              1.0000000        

s       0.0975900              1.0000000        

p    5266.0000000              0.0000523        
p    1247.0000000              0.0004635        
p     405.0000000              0.0026410        
p     154.8000000              0.0113169        
p      65.3800000              0.0384704        
p      29.5900000              0.1043390        
p      14.0400000              0.2156840        
p       6.8240000              0.3252600        
p       3.3690000              0.3261780        

p    5266.0000000             -0.0000133        
p    1247.0000000             -0.0001179        
p     405.0000000             -0.0006759        
p     154.8000000             -0.0028973        
p      65.3800000             -0.0099980        
p      29.5900000             -0.0275416        
p      14.0400000             -0.0587943        
p       6.8240000             -0.0903761        
p       3.3690000             -0.0999891        

p       1.6660000              1.0000000        

p       0.7681000              1.0000000        

p       0.3504000              1.0000000        

p       0.1556000              1.0000000        

p       0.0668100              1.0000000        

d       5.0755000              1.0000000        

d       2.1833000              1.0000000        

d       0.9392000              1.0000000        

d       0.4040000              1.0000000        

d       0.1738000              1.0000000        

f       2.2120000              1.0000000        

f       1.0630000              1.0000000        

f       0.5100000              1.0000000        

f       0.2450000              1.0000000        

g       1.3473000              1.0000000        

g       0.7009000              1.0000000        

g       0.3647000              1.0000000        

h       1.2861000              1.0000000        

h       0.6115000              1.0000000        

i       1.0409000              1.0000000        

Cl 17 30 16 16 16 1 1 1 1 1 9 9 1 1 1 1 1 1 1 1 1 1 1 1 1 1 1 1 1 1 1 1

s  7733000.0000000             0.14347400E-05   
s  1158000.0000000             0.11148600E-04   
s  263700.0000000              0.58586500E-04   
s   75010.0000000              0.24451800E-03   
s   24890.0000000              0.85828700E-03   
s    9318.0000000              0.26101900E-02   
s    3840.0000000              0.71378400E-02   
s    1684.0000000              0.18456400E-01   
s     766.3000000              0.44894400E-01   
s     359.5000000              0.99382200E-01   
s     173.4000000              0.19078200       
s      85.6100000              0.29356500       
s      42.9300000              0.30647700       
s      21.5500000              0.16220900       
s      10.0500000              0.24938300E-01   
s       4.9780000             -0.51314200E-03   

s  7733000.0000000            -0.40222700E-06   
s  1158000.0000000            -0.31244800E-05   
s  263700.0000000             -0.16429000E-04   
s   75010.0000000             -0.68542100E-04   
s   24890.0000000             -0.24100100E-03   
s    9318.0000000             -0.73353800E-03   
s    3840.0000000             -0.20183000E-02   
s    1684.0000000             -0.52610700E-02   
s     766.3000000             -0.13098600E-01   
s     359.5000000             -0.30179400E-01   
s     173.4000000             -0.63188800E-01   
s      85.6100000             -0.11385900       
s      42.9300000             -0.16125100       
s      21.5500000             -0.10923400       
s      10.0500000              0.16299900       
s       4.9780000              0.50141300       

s  7733000.0000000             0.12169600E-06   
s  1158000.0000000             0.94514100E-06   
s  263700.0000000              0.49711900E-05   
s   75010.0000000              0.20732300E-04   
s   24890.0000000              0.72940200E-04   
s    9318.0000000              0.22189900E-03   
s    3840.0000000              0.61135500E-03   
s    1684.0000000              0.15933700E-02   
s     766.3000000              0.39800100E-02   
s     359.5000000              0.91937500E-02   
s     173.4000000              0.19439900E-01   
s      85.6100000              0.35518700E-01   
s      42.9300000              0.52067400E-01   
s      21.5500000              0.36564400E-01   
s      10.0500000             -0.59750000E-01   
s       4.9780000             -0.23164100       

s       2.4780000              1.0000000        

s       1.1800000              1.0000000        

s       0.5828000              1.0000000        

s       0.2668000              1.0000000        

s       0.1183000              1.0000000        

p    6091.0000000              0.51619400E-04   
p    1442.0000000              0.45846800E-03   
p     468.3000000              0.26150900E-02   
p     179.0000000              0.11255400E-01   
p      75.6100000              0.38457700E-01   
p      34.2200000              0.10508100E+00   
p      16.2300000              0.21860300E+00   
p       7.8900000              0.33087400E+00   
p       3.8980000              0.32587900E+00   

p    6091.0000000             -0.13925900E-04   
p    1442.0000000             -0.12332400E-03   
p     468.3000000             -0.70755100E-03   
p     179.0000000             -0.30493900E-02   
p      75.6100000             -0.10575200E-01   
p      34.2200000             -0.29409400E-01   
p      16.2300000             -0.63229600E-01   
p       7.8900000             -0.98187000E-01   
p       3.8980000             -0.10587000E+00   

p       1.9330000              1.0000000        

p       0.9057000              1.0000000        

p       0.4140000              1.0000000        

p       0.1836000              1.0000000        

p       0.0785900              1.0000000        

d       6.2428000              1.0000000        

d       2.6906000              1.0000000        

d       1.1596000              1.0000000        

d       0.4998000              1.0000000        

d       0.2154000              1.0000000        

f       2.5327000              1.0000000        

f       1.2406000              1.0000000        

f       0.6077000              1.0000000        

f       0.2977000              1.0000000        

g       1.5388000              1.0000000        

g       0.8050000              1.0000000        

g       0.4212000              1.0000000        

h       1.5613000              1.0000000        

h       0.7397000              1.0000000        

i       1.2572000              1.0000000        

Ar 18 30 16 16 16 1 1 1 1 1 9 9 1 1 1 1 1 1 1 1 1 1 1 1 1 1 1 1 1 1 1 1

s  9149000.0000000             0.0000013        
s  1370000.0000000             0.0000104        
s  311900.0000000              0.0000549        
s   88650.0000000              0.0002296        
s   29330.0000000              0.0008103        
s   10930.0000000              0.0024853        
s    4480.0000000              0.0068369        
s    1962.0000000              0.0176199        
s     894.1000000              0.0428752        
s     419.6000000              0.0954853        
s     202.3000000              0.1850640        
s      99.8400000              0.2890420        
s      50.0700000              0.3101660        
s      25.1400000              0.1721830        
s      11.8100000              0.0285227        
s       5.8820000             -0.0005757        

s  9149000.0000000            -0.0000004        
s  1370000.0000000            -0.0000030        
s  311900.0000000             -0.0000156        
s   88650.0000000             -0.0000652        
s   29330.0000000             -0.0002304        
s   10930.0000000             -0.0007075        
s    4480.0000000             -0.0019573        
s    1962.0000000             -0.0050856        
s     894.1000000             -0.0126528        
s     419.6000000             -0.0293065        
s     202.3000000             -0.0617712        
s      99.8400000             -0.1125410        
s      50.0700000             -0.1622930        
s      25.1400000             -0.1184120        
s      11.8100000              0.1461480        
s       5.8820000              0.4977520        

s  9149000.0000000             0.0000001        
s  1370000.0000000             0.0000009        
s  311900.0000000              0.0000049        
s   88650.0000000              0.0000204        
s   29330.0000000              0.0000720        
s   10930.0000000              0.0002210        
s    4480.0000000              0.0006125        
s    1962.0000000              0.0015908        
s     894.1000000              0.0039722        
s     419.6000000              0.0092204        
s     202.3000000              0.0196367        
s      99.8400000              0.0362570        
s      50.0700000              0.0541725        
s      25.1400000              0.0409996        
s      11.8100000             -0.0551744        
s       5.8820000             -0.2387540        

s       2.9390000              1.0000000        

s       1.4050000              1.0000000        

s       0.6963000              1.0000000        

s       0.3188000              1.0000000        

s       0.1410000              1.0000000        

p    7050.0000000              0.0000502        
p    1669.0000000              0.0004454        
p     542.1000000              0.0025480        
p     207.1000000              0.0110155        
p      87.5200000              0.0378490        
p      39.6100000              0.1043550        
p      18.7800000              0.2193350        
p       9.1300000              0.3346150        
p       4.5160000              0.3267710        

p    7050.0000000             -0.0000140        
p    1669.0000000             -0.0001243        
p     542.1000000             -0.0007147        
p     207.1000000             -0.0030968        
p      87.5200000             -0.0107961        
p      39.6100000             -0.0303536        
p      18.7800000             -0.0659785        
p       9.1300000             -0.1038770        
p       4.5160000             -0.1099560        

p       2.2450000              1.0000000        

p       1.0650000              1.0000000        

p       0.4885000              1.0000000        

p       0.2166000              1.0000000        

p       0.0925500              1.0000000        

d       7.6327000              1.0000000        

d       3.2876000              1.0000000        

d       1.4160000              1.0000000        

d       0.6099000              1.0000000        

d       0.2627000              1.0000000        

f       3.0582000              1.0000000        

f       1.5292000              1.0000000        

f       0.7647000              1.0000000        

f       0.3824000              1.0000000        

g       1.8450000              1.0000000        

g       0.9657000              1.0000000        

g       0.5055000              1.0000000        

h       1.8743000              1.0000000        

h       0.8871000              1.0000000        

i       1.5066000              1.0000000        

