Def2-SVP
BASIS:
H 1 2 3 1

s      13.0107010              0.19682158E-01   
s       1.9622572              0.13796524       
s       0.44453796             0.47831935       

s       0.12194962             1.0000000        

He 2 3 3 1 1

s      38.354936737            0.23814288905E-01      
s       5.7689081479           0.15490906777    
s       1.2399407035           0.46998096633    

s       0.29757815953          1.0000000        

p       1.0000000              1.0000000        

Li 3 5 5 1 1 2 1

s     266.27785516             0.64920150325E-02      
s      40.069783447            0.47747863215E-01      
s       9.0559944389           0.20268796111    
s       2.4503009051           0.48606574817    
s       0.72209571855          0.43626977955    

s       0.52810884721E-01            1.0000000        

s       0.20960948798E-01            1.0000000        

p       1.4500000              0.2586000        
p       0.3000000              1.0000000        

p       0.0820000              1.0000000        

Be 4 5 5 1 1 3 1

s     515.18616125             0.55615307983E-02      
s      77.511037595            0.41190068062E-01      
s      17.552481693            0.17913378108    
s       4.8028940596           0.44736716455    
s       1.4516214316           0.42009581920    

s       0.13281633620          1.0000000        

s       0.45837372213E-01            1.0000000        

p       3.6316917145          -0.29033998305E-01      
p       0.71695694366         -0.16877854032    
p       0.19541932860         -0.51403419628    

p       0.60515465890E-01            1.0000000        

B 5 6 5 1 1 3 1 1

s     839.31830086            -0.55929201074E-02      
s     126.26464843            -0.41565520771E-01      
s      28.620600763           -0.18299816983    
s       7.8793722710          -0.46540391866    
s       2.4088857172          -0.44173884791    

s       0.25105109036          1.0000000        

s       0.83648866069E-01            1.0000000        

p       6.0332223619          -0.35603672456E-01      
p       1.2499157866          -0.19895775769    
p       0.33871676350         -0.50850202618    

p       0.96415632351E-01            1.0000000        

d       0.5000000              1.0000000        

C 6 6 5 1 1 3 1 1

s    1238.4016938              0.54568832082E-02      
s     186.29004992             0.40638409211E-01      
s      42.251176346            0.18025593888    
s      11.676557932            0.46315121755    
s       3.5930506482           0.44087173314    

s       0.40245147363          1.0000000        

s       0.13090182668          1.0000000        

p       9.4680970621           0.38387871728E-01      
p       2.0103545142           0.21117025112    
p       0.54771004707          0.51328172114    

p       0.15268613795          1.0000000        

d       0.8000000              1.0000000        

N 7 6 5 1 1 3 1 1

s    1712.8415853             -0.53934125305E-02      
s     257.64812677            -0.40221581118E-01      
s      58.458245853           -0.17931144990    
s      16.198367905           -0.46376317823    
s       5.0052600809          -0.44171422662    

s       0.58731856571          1.0000000        

s       0.18764592253          1.0000000        

p      13.571470233           -0.40072398852E-01      
p       2.9257372874          -0.21807045028    
p       0.79927750754         -0.51294466049    

p       0.21954348034          1.0000000        

d       1.0000000              1.0000000        

O 8 6 5 1 1 3 1 1

s    2266.1767785             -0.53431809926E-02      
s     340.87010191            -0.39890039230E-01      
s      77.363135167           -0.17853911985    
s      21.479644940           -0.46427684959    
s       6.6589433124          -0.44309745172    

s       0.80975975668          1.0000000        

s       0.25530772234          1.0000000        

p      17.721504317            0.43394573193E-01      
p       3.8635505440           0.23094120765    
p       1.0480920883           0.51375311064    

p       0.27641544411          1.0000000        

d       1.2000000              1.0000000        

F 9 6 5 1 1 3 1 1

s    2894.8325990             -0.53408255515E-02      
s     435.41939120            -0.39904258866E-01      
s      98.843328866           -0.17912768038    
s      27.485198001           -0.46758090825    
s       8.5405498171          -0.44653131020    

s       1.0654578038           1.0000000        

s       0.33247346748          1.0000000        

p      22.696633924           -0.45212874436E-01      
p       4.9872339257          -0.23754317067    
p       1.3491613954          -0.51287353587    

p       0.34829881977          1.0000000        

d       1.4000000              1.0000000        

Ne 10 6 5 1 1 3 1 1

s    3598.9736625             -0.53259297003E-02      
s     541.32073112            -0.39817417969E-01      
s     122.90450062            -0.17914358188    
s      34.216617022           -0.46893582977    
s      10.650584124           -0.44782537577    

s       1.3545953960           1.0000000        

s       0.41919362639          1.0000000        

p      28.424053785           -0.46031944795E-01      
p       6.2822510953          -0.23993183041    
p       1.6978715079          -0.50871724964    

p       0.43300700172          1.0000000        

d       1.8880000              1.0000000        

Na 11 7 5 3 1 1 5 1 1

s    4098.2003908             -0.58535911879E-02      
s     616.49374031            -0.43647161872E-01      
s     139.96644001            -0.19431465884    
s      39.073441051           -0.48685065731    
s      11.929847205           -0.41881705137    

s      20.659966030            0.85949689854E-01      
s       1.9838860978          -0.56359144041    
s       0.64836323942         -0.51954009048    

s       0.52443967404E-01            1.0000000        

s       0.28048160742E-01            1.0000000        

p      75.401862017            0.154353625324E-01      
p      17.274818978            0.997382931840E-01      
p       5.1842347425           0.312095939659   
p       1.6601211973           0.492956748074   
p       0.51232528958          0.324203983180   

p       0.0520000              1.0000000        

d       0.1310000              1.0000000        

Mg 12 8 5 3 1 1 5 1 1 1

s    4953.8339196             -0.57778967498E-02      
s     745.18044154            -0.43124761082E-01      
s     169.21604972            -0.19268216987    
s      47.300672019           -0.48641439116    
s      14.461336973           -0.42550894077    

s      24.768174789            0.87956969984E-01      
s       2.4940945349          -0.55165058128    
s       0.87807584533         -0.53443294833    

s       0.87212782497E-01            1.0000000        

s       0.33599293780E-01            1.0000000        

p      98.053010494           -0.14480564601E-01      
p      22.586932277           -0.95495750787E-01      
p       6.8391509842          -0.30787672651    
p       2.2332843818          -0.49936292886    
p       0.71606599387         -0.31503476213    

p       0.18914796195          1.0000000        

p       0.53768755187E-01            1.0000000        

d       0.1010000              1.0000000        

Al 13 8 5 3 1 1 5 1 1 1

s    5887.5727030              0.13483347987E-02      
s     885.61225996             0.10071576809E-01      
s     201.13604899             0.45132454056E-01      
s      56.284974674            0.11461268043    
s      17.229551243            0.10159608943    

s      29.340249922            0.69347454208E-01      
s       3.0439630420          -0.42528117679    
s       1.1285539518          -0.41449832210    

s       0.14234175160          1.0000000        

s       0.54400192313E-01            1.0000000        

p     145.11918809             0.63963373134E-02      
p      33.717894833            0.44189359965E-01      
p      10.369863083            0.15581575993    
p       3.5135616036           0.28635286951    
p       1.1980050273           0.22921423248    

p       0.26583005913          1.0000000        

p       0.71003361994E-01            1.0000000        

d       0.3000000              1.0000000        

Si 14 8 5 3 1 1 5 1 1 1

s    6903.7118686              0.13373962995E-02      
s    1038.4346419              0.99966546241E-02      
s     235.87581480             0.44910165101E-01      
s      66.069385169            0.11463638540    
s      20.247945761            0.10280063858    

s      34.353481730            0.70837285010E-01      
s       3.6370788192          -0.43028836252    
s       1.4002048599          -0.41382774969    

s       0.20484414805          1.0000000        

s       0.77994095468E-01            1.0000000        

p     179.83907373             0.61916656462E-02      
p      41.907258846            0.43399431982E-01      
p      12.955294367            0.15632019351    
p       4.4383267393           0.29419996982    
p       1.5462247904           0.23536823814    

p       0.35607612302          1.0000000        

p       0.10008513762          1.0000000        

d       0.3500000              1.0000000        

P 15 8 5 3 1 1 5 1 1 1

s    8002.4795106              0.57503489302E-02      
s    1203.6813590              0.43007628959E-01      
s     273.44227031             0.19363986252    
s      76.655541517            0.49651693399    
s      23.516927435            0.44983262479    

s      39.791683439            0.95188129789E-01      
s       4.2770343323          -0.57649840368    
s       1.6940256888          -0.54239583865    

s       0.27567674644          1.0000000        

s       0.10495590099          1.0000000        

p     219.50755823             0.92100565257E-02      
p      51.274155030            0.65409765745E-01      
p      15.921595892            0.24033730279    
p       5.5069913481           0.46318321788    
p       1.9537719426           0.37392563382    

p       0.47803397932          1.0000000        

p       0.13657952621          1.0000000        

d       0.4500000              1.0000000        

S 16 8 5 3 1 1 5 1 1 1

s    9184.9303010             -0.22294387756E-02      
s    1381.5105503             -0.16683029937E-01      
s     313.87147580            -0.75262436116E-01      
s      88.053870623           -0.19376827038    
s      27.039914905           -0.17718020803    

s      45.648731303           -0.10736062573    
s       4.9664522326           0.65066293018    
s       2.0116242047           0.59712155354    

s       0.35661077013          1.0000000        

s       0.13507221477          1.0000000        

p     261.98233439            -0.92729929822E-02      
p      61.306894736           -0.66547669241E-01      
p      19.103729887           -0.24828595903    
p       6.6567720378          -0.48703847402    
p       2.3959635161          -0.39337850312    

p       0.61776161679          1.0000000        

p       0.16993376871          1.0000000        

d       0.5500000              1.0000000        

Cl 17 8 5 3 1 1 5 1 1 1

s   10449.8275660              0.19708362484E-02      
s    1571.7365221              0.14754727977E-01      
s     357.12065523             0.66679112875E-01      
s     100.25185935             0.17228924084    
s      30.812727554            0.15883786100    

s      51.923789434           -0.10009298909    
s       5.7045760975           0.60841752753    
s       2.3508376809           0.54352153355    

s       0.44605124672          1.0000000        

s       0.16848856190          1.0000000        

p     307.66790569            -0.87801484118E-02      
p      72.102015515           -0.63563355471E-01      
p      22.532680262           -0.24016428276    
p       7.8991765444          -0.47798866557    
p       2.8767268321          -0.38515850005    

p       0.77459363955          1.0000000        

p       0.21037699698          1.0000000        

d       0.6500000              1.0000000        

Ar 18 8 5 3 1 1 5 1 1 1

s   11797.1197650              0.20214479973E-02      
s    1774.3522753              0.15139852688E-01      
s     403.18875733             0.68525400873E-01      
s     113.24933999             0.17762929207    
s      34.835298193            0.16496495001    

s      58.614775042           -0.10343394000    
s       6.4922045078           0.63133365899    
s       2.7117014403           0.54887572301    

s       0.54412974538          1.0000000        

s       0.20517411136          1.0000000        

p     356.28707256            -0.87321783271E-02      
p      83.593132866           -0.63680317444E-01      
p      26.186704029           -0.24311906886    
p       9.2257275925          -0.48956069653    
p       3.3922754954          -0.39229190040    

p       0.94740534010          1.0000000        

p       0.25659135062          1.0000000        

d       0.6960000              1.0000000        

K 19 10 6 3 3 1 1 5 3 1 1 1

s   31478.7467640              0.39838653994E-02      
s    4726.8876066              0.30501759762E-01      
s    1075.4345353              0.15073752622    
s     303.39811023             0.51912939801    
s      98.327112831            1.0366957005     
s      33.636222177            0.76398963199    

s      65.639209962           -0.28242617106    
s       7.3162592218           1.6914935860     
s       2.8902580135           1.2965331953     

s       4.5459748965          -0.76343555273E-02      
s       0.70404124062          0.25635718960E-01      
s       0.28266888959          0.16606859208E-01      

s       0.29058164020E-01            1.0000000        

s       0.12111638157E-01            1.0000000        

p     361.22492154             0.20906479823E-01      
p      84.670222166            0.15043641740    
p      26.469088236            0.55440061077    
p       9.2658077615           1.0409009991     
p       3.3423388293           0.67825341194    

p       1.5100876104           0.75248191146    
p       0.56568375163          1.3708585031     
p       0.20817008495          0.66047633079    

p       0.0417370              1.0000000        

d       0.3530000              1.0000000        

d       0.0980000              1.0000000        

Ca 20 10 6 3 3 1 1 5 3 1 3 1

s   35138.7139290              0.39482520740E-02      
s    5276.4111348              0.30234243552E-01      
s    1200.4692589              0.14952019681    
s     338.71810542             0.51597345713    
s     109.85385922             1.0339510296     
s      37.608880299            0.76937933526    

s      73.107977555           -0.28268525011    
s       8.2407705688           1.6796092142     
s       3.2959812993           1.2803766016     

s       5.2341800914          -0.76868604561E-02      
s       0.84187220515          0.25382375978E-01      
s       0.36510294029          0.16512171511E-01      

s       0.51222402884E-01            1.0000000        

s       0.19825111408E-01            1.0000000        

p     413.11313893             0.20327135354E-01      
p      96.935786224            0.14730276362    
p      30.372154659            0.54887167322    
p      10.684776830            1.0440659818     
p       3.8821258350           0.68653490684    

p       1.7993016295           0.75410246871    
p       0.69189056530          1.3409296599     
p       0.26364024096          0.56391989435    

p       0.0749790              1.0000000        

d       5.4979093879           0.73770011433E-01      
d       1.3177128032           0.26052853169    
d       0.32188682649          0.45233836380    

d       0.70528614919E-01            1.0000000        

Sc 21 10 6 3 3 1 1 5 3 1 4 1

s   38956.0818040              0.39293205858E-02      
s    5849.5733637              0.30093221229E-01      
s    1330.8813154              0.14890370950    
s     375.55534165             0.51464282906    
s     121.87261370             1.0337708070     
s      41.760243729            0.77436851627    

s      81.060633953           -0.28318552316    
s       9.2059823972           1.6770806984     
s       3.7063215732           1.2594733678     

s       5.9888909988          -0.77821367493E-02      
s       0.97363432378          0.25499692745E-01      
s       0.42041019223          0.16191560820E-01      

s       0.59440551913E-01            1.0000000        

s       0.22897806303E-01            1.0000000        

p     466.31481262             0.19984300385E-01      
p     109.51217097             0.14561043072    
p      34.375921827            0.54687466223    
p      12.142096955            1.0479006012     
p       4.4336767669           0.68894890327    

p       2.0971291866           0.75619214724    
p       0.80977606956          1.3178212235     
p       0.30834046588          0.54312268173    

p       0.0897480              1.0000000        

d      19.240334928            0.27039082144E-01      
d       5.1178995899           0.13803684743    
d       1.6554278827           0.34869086403    
d       0.54016355610          0.48594185717    

d       0.16211214518          1.0000000        

Ti 22 10 6 3 3 1 1 5 3 1 4 1

s   42961.5121850              0.39127635355E-02      
s    6450.9759169              0.29969820489E-01      
s    1467.7210915              0.14836352707    
s     414.20997355             0.51347285324    
s     134.48715840             1.0335365483     
s      46.122209796            0.77854233930    

s      89.447762543           -0.28385401259    
s      10.223346060            1.6772785333     
s       4.1353774271           1.2411928456     

s       6.7896181452          -0.78399994518E-02      
s       1.1106730691           0.25495493019E-01      
s       0.47565975578          0.16061172892E-01      

s       0.65986956934E-01            1.0000000        

s       0.25210342250E-01            1.0000000        

p     522.03684782             0.19754179642E-01      
p     122.68649489             0.14460677619    
p      38.572903611            0.54669004165    
p      13.672169319            1.0531647540     
p       5.0118529359           0.69111213363    

p       2.4131928282           0.75803437136    
p       0.93252270050          1.3036241399     
p       0.35429058390          0.53638653300    

p       0.1015610              1.0000000        

d      23.465125957            0.26536380115E-01      
d       6.3332593832           0.13796453963    
d       2.0766489946           0.35312644228    
d       0.69027361954          0.48647124166    

d       0.21088738554          1.0000000        

V 23 10 6 3 3 1 1 5 3 1 4 1

s   47160.3760600              0.14498688908E-02      
s    7081.4110871              0.11106435251E-01      
s    1611.1621223              0.55005423585E-01      
s     454.72940551             0.19060252591    
s     147.71321208             0.38435022957    
s      50.699538950            0.29095546792    

s      98.262492669           -0.10942337856    
s      11.294293099            0.64539490399    
s       4.5853360105           0.47117880777    

s       7.6359689588          -0.22454949054    
s       1.2539836689           0.72594852764    
s       0.53271935387          0.45560582748    

s       0.72246239566E-01            1.0000000        

s       0.27358087448E-01            1.0000000        

p     580.55044988             0.97315110917E-02      
p     136.52341127             0.71531241137E-01      
p      42.983958820            0.27197688414    
p      15.282798763            0.52618988893    
p       5.6202495154           0.34452533498    

p       2.7485386415           0.34040396496    
p       1.0618550073           0.57983996120    
p       0.40235518645          0.23911643083    

p       0.1112480              1.0000000        

d      27.358434017            0.26641927050E-01      
d       7.4540604253           0.13995311726    
d       2.4633917847           0.35751066639    
d       0.82480925277          0.48488354148    

d       0.25257904742          1.0000000        

Cr 24 10 6 3 3 1 1 5 3 1 4 1

s   51528.0863490              0.14405823106E-02      
s    7737.2103487              0.11036202287E-01      
s    1760.3748470              0.54676651806E-01      
s     496.87706544             0.18965038103    
s     161.46520598             0.38295412850    
s      55.466352268            0.29090050668    

s     107.54732999            -0.10932281100    
s      12.408671897            0.64472599471    
s       5.0423628826           0.46262712560    

s       8.5461640165          -0.22711013286    
s       1.3900441221           0.73301527591    
s       0.56066602876          0.44225565433    

s       0.71483705972E-01            1.0000000        

s       0.28250687604E-01            1.0000000        

p     640.48536096             0.96126715203E-02      
p     150.69711194             0.70889834655E-01      
p      47.503755296            0.27065258990    
p      16.934120165            0.52437343414    
p       6.2409680590           0.34107994714    

p       3.0885463206           0.33973986903    
p       1.1791047769           0.57272062927    
p       0.43369774432          0.24582728206    

p       0.1206750              1.0000000        

d      27.559479426            0.30612488044D-01      
d       7.4687020327           0.15593270944    
d       2.4345903574           0.36984421276    
d       0.78244754808          0.47071118077    

d       0.21995774311          1.0000000        

Mn 25 10 6 3 3 1 1 5 3 1 4 1

s   56137.0090370              0.14321304702E-02      
s    8429.2063943              0.10972509162E-01      
s    1917.8277233              0.54382468712E-01      
s     541.36230198             0.18884335129    
s     176.00069142             0.38198025054    
s      60.500477010            0.29156772596    

s     117.17282882            -0.10933661328    
s      13.596973368            0.64305039431    
s       5.5483996341           0.45848970584    

s       9.4662853530          -0.22538977259    
s       1.5595006070           0.72307758657    
s       0.65230205868          0.45300721536    

s       0.84003734475E-01            1.0000000        

s       0.31256098581E-01            1.0000000        

p     706.00497535             0.95055518167E-02      
p     166.19728820             0.70356271142E-01      
p      52.452061906            0.27005556982    
p      18.746932862            0.52574344602    
p       6.9282991622           0.34254033223    

p       3.4772204938           0.33994073736    
p       1.3406906449           0.57203836254    
p       0.50498803038          0.23847605831    

p       0.1276500              1.0000000        

d      35.423264935            0.26985304111E-01      
d       9.7814221451           0.14383458648    
d       3.2673488767           0.36418958377    
d       1.1026472189           0.48152670661    

d       0.33743205934          1.0000000        

Fe 26 10 6 3 3 1 1 5 3 1 4 1

s   60923.6406430              0.14302254466E-02      
s    9147.8893982              0.10958790038E-01      
s    2081.3505927              0.54332554248E-01      
s     587.55977067             0.18884995009    
s     191.09043990             0.38253069946    
s      65.732730112            0.29308335984    

s     127.25891928            -0.10964564925    
s      14.830913010            0.64387631332    
s       6.0653307408           0.45472347323    

s      10.449943710           -0.22539639952    
s       1.7245228003           0.72164398156    
s       0.71772177325          0.44985492922    

s       0.91449828308E-01            1.0000000        

s       0.33706691021E-01            1.0000000        

p     773.43750995             0.94325735144E-02      
p     182.15149714             0.70029620575E-01      
p      57.547272758            0.26993651996    
p      20.614988935            0.52700011047    
p       7.6348557890           0.34284148028    

p       3.8719327990           0.33974402988    
p       1.4924724132           0.56842594005    
p       0.56061284958          0.23649365839    

p       0.1349150              1.0000000        

d      38.968133419            0.27879664382E-01      
d      10.800067078            0.14858319982    
d       3.6136457999           0.36905479496    
d       1.2129967888           0.47745100883    

d       0.36524393170          1.0000000        

Co 27 10 6 3 3 1 1 5 3 1 4 1

s   65902.2082570              0.14284614936E-02      
s    9895.3896027              0.10946072783E-01      
s    2251.4305789              0.54285953890E-01      
s     635.61097084             0.18885179079    
s     206.78820681             0.38301634994    
s      71.179242971            0.29443551266    

s     137.77268040            -0.10990221736    
s      16.118079243            0.64455537395    
s       6.6030327710           0.45116787924    

s      11.479915788           -0.22593846910    
s       1.8956426324           0.72231409008    
s       0.78466232067          0.44903812296    

s       0.98425774432E-01            1.0000000        

s       0.35945741932E-01            1.0000000        

p     843.64358575             0.93866097254E-02      
p     198.76386994             0.69880208716E-01      
p      62.854963098            0.27037070345    
p      22.562842280            0.52904786880    
p       8.3713209127           0.34357029579    

p       4.2858719800           0.34027999036    
p       1.6508041817           0.56693392384    
p       0.61834231096          0.23617979783    

p       0.1413080              1.0000000        

d      42.927867612            0.28487788365E-01      
d      11.942533053            0.15206951283    
d       4.0046495664           0.37310913999    
d       1.3413193804           0.47549837676    

d       0.40015009743          1.0000000        

Ni 28 10 6 3 3 1 1 5 3 1 4 1

s   71074.8032110              0.14260386729E-02      
s   10672.0209410              0.10928236994E-01      
s    2428.1389007              0.54212626938E-01      
s     685.53595148             0.18874768902    
s     223.10072863             0.38324616985    
s      76.842014042            0.29550637144    

s     148.71122016            -0.11014443059    
s      17.459154987            0.64521426988    
s       7.1625280665           0.44797838103    

s      12.556137125           -0.22645403224    
s       2.0735740488           0.72320959286    
s       0.85382640602          0.44868026476    

s       0.10536766271          1.0000000        

s       0.38134087688E-01            1.0000000        

p     916.73608662             0.93439635610E-02      
p     216.06139913             0.69737374902E-01      
p      68.383914817            0.27073495012    
p      24.593843952            0.53078301549    
p       9.1392960204           0.34410229438    

p       4.7193371746           0.34076082016    
p       1.8161849234           0.56580169611    
p       0.67840750720          0.23616717361    

p       0.1465880              1.0000000        

d      47.093832108            0.28982316948E-01      
d      13.146463975            0.15494995950    
d       4.4170548925           0.37633115111    
d       1.4771565078           0.47365096014    

d       0.43735921792          1.0000000        

Cu 29 10 6 3 3 1 1 5 3 1 4 1

s   76381.3480560              0.14336079896E-02      
s   11468.7774990              0.10986749865E-01      
s    2609.4246495              0.54513652465E-01      
s     736.75033098             0.18990128258    
s     239.82419958             0.38581959211    
s      82.656829252            0.29790607498    

s     160.13544196            -0.11146778567    
s      18.834177695            0.65349301031    
s       7.7176595741           0.44770534421    

s      13.710846717           -0.22870911122    
s       2.2349895670           0.73464423031    
s       0.87818360069          0.43273070874    

s       0.87187458064E-01            1.0000000        

s       0.32969114665E-01            1.0000000        

p     991.24075782             0.93878498798E-02      
p     233.69376116             0.70208282458E-01      
p      74.020930927            0.27323522220    
p      26.664967447            0.53580792728    
p       9.9192087478           0.34575794906    

p       5.1519553926           0.34229108083    
p       1.9638205828           0.56456592484    
p       0.71560097037          0.24078584318    

p       0.1550650              1.0000000        

d      47.335049590            0.32375547758E-01      
d      13.161666077            0.16810218684    
d       4.3693777244           0.38477707982    
d       1.4132925109           0.46147880178    

d       0.38878001452          1.0000000        

Zn 30 10 6 3 3 1 1 5 3 1 4 1

s   82000.7116290              0.14210764000E-02      
s   12312.4717770              0.10891499487E-01      
s    2801.3944193              0.54057188059E-01      
s     790.99424302             0.18847463904    
s     257.56551079             0.38346549346    
s      88.814933400            0.29723794197    

s     171.86353716            -0.11051849523    
s      20.302534785            0.64607716984    
s       8.3464123068           0.44220117322    

s      14.847536940           -0.22705309278    
s       2.4495029507           0.72433217935    
s       0.99845821824          0.44836495592    

s       0.11891307937          1.0000000        

s       0.42297428760E-01            1.0000000        

p    1071.5185372              0.92767797235E-02      
p     252.69712152             0.69541149434E-01      
p      80.100829126            0.27156772564    
p      28.903393172            0.53401355573    
p      10.768899879            0.34501323446    

p       5.6446212530           0.34129600164    
p       2.1678291347           0.56390521973    
p       0.80540898341          0.23676109735    

p       0.1624550              1.0000000        

d      56.088939191            0.29588869140E-01      
d      15.751908917            0.158725714045   
d       5.3115812367           0.379762291591   
d       1.7737904917           0.468989591719   

d       0.51975583665          1.0000000        

Ga 31 12 6 3 3 1 1 5 3 1 1 4 1 1

s   87842.1262960              0.14271588798E-02      
s   13189.4964020              0.10938894097E-01      
s    3000.9482141              0.54308200127E-01      
s     847.38425966             0.18951055983    
s     276.00980642             0.38615185918    
s      95.216672071            0.30051082719    

s     184.00703968            -0.11124461963    
s      21.827051433            0.64831322918    
s       9.0026963761           0.44358383594    

s      16.033176938           -0.23014299555    
s       2.6707724878           0.72946861516    
s       1.1252834170           0.46214976951    

s       0.15967608829          1.0000000        

s       0.57643044753E-01            1.0000000        

p    1167.2665844              0.90974021307E-02      
p     275.38062789             0.68456273343E-01      
p      87.375073070            0.26922293888    
p      31.597254670            0.53507897882    
p      11.824122798            0.35279062760    

p       6.2881845133           0.33938244530    
p       2.5199853240           0.56871947608    
p       1.0169726306           0.27717694939    

p       0.24748373604          1.0000000        

p       0.66685294163E-01            1.0000000        

d      65.354237674            0.27370146382E-01      
d      18.504656747            0.15099463976    
d       6.3179620632           0.37485328545    
d       2.1641389426           0.47510606851    

d       0.66693092754          1.0000000        

d       0.2070000              1.0000000        

Ge 32 12 6 3 3 1 1 5 3 1 1 4 1 1

s   93889.8366420              0.14233976060E-02      
s   14097.4975280              0.10910795654E-01      
s    3207.5477309              0.54183705943E-01      
s     905.76727269             0.18922820349    
s     295.11014693             0.38612847001    
s     101.84713141             0.30164050736    

s     196.56719662            -0.11118770940    
s      23.405292522            0.64616007369    
s       9.6839116702           0.44188904568    

s      17.269736544           -0.23027421375    
s       2.8964622160           0.73017169398    
s       1.2553621412           0.46197222255    

s       0.20213081492          1.0000000        

s       0.73867910982E-01            1.0000000        

p    1259.2085995              0.90115464252E-02      
p     297.15626382             0.67986841689E-01      
p      94.353387522            0.26853856488    
p      34.176329677            0.53659649219    
p      12.816139615            0.35633514961    

p       6.8471029784           0.33900693119    
p       2.7717363939           0.56809365264    
p       1.1458418175           0.27246539884    

p       0.30679631536          1.0000000        

p       0.89283644115E-01            1.0000000        

d      74.782168177            0.25755860205E-01      
d      21.310849759            0.14536816132    
d       7.3464792363           0.37134209859    
d       2.5656271395           0.48002998436    

d       0.81981773070          1.0000000        

d       0.2460000              1.0000000        

As 33 12 6 3 3 1 1 5 3 1 1 4 1 1

s  100146.5255400              0.14258349617E-02      
s   15036.8617110              0.10930176963E-01      
s    3421.2902833              0.54294174610E-01      
s     966.16965717             0.18976078153    
s     314.87394026             0.38775195453    
s     108.70823790             0.30402812040    

s     209.54238950            -0.11162094204    
s      25.038221139            0.64697607762    
s      10.390964343            0.44223608673    

s      18.555090093           -0.22994190569    
s       3.1281217449           0.73319107613    
s       1.3884885073           0.45533653943    

s       0.24714362141          1.0000000        

s       0.91429428670E-01            1.0000000        

p    1355.6443507              0.89182507898E-02      
p     319.99929270             0.67454750717E-01      
p     101.67734092             0.26759772110    
p      36.886323845            0.53776844520    
p      13.861115909            0.35992570244    

p       7.4260666912           0.34036849637    
p       3.0316247187           0.57030149334    
p       1.2783078340           0.26606170238    

p       0.37568503356          1.0000000        

p       0.11394805454          1.0000000        

d      84.445514539            0.24518402724E-01      
d      24.190416102            0.14107454677    
d       8.4045015119           0.36875228915    
d       2.9808970748           0.48409561362    

d       0.97909243359          1.0000000        

d       0.2930000              1.0000000        

Se 34 12 6 3 3 1 1 5 3 1 1 4 1 1

s  106612.2002700              0.14274889113E-02      
s   16007.6047010              0.10943525114E-01      
s    3642.1699707              0.54374171596E-01      
s    1028.5912993              0.19018092947    
s     335.30298888             0.38913021696    
s     115.80129154             0.30620207088    

s     222.93325020            -0.11198808009    
s      26.726257934            0.64752124207    
s      11.124501923            0.44241976651    

s      19.888520061           -0.22857227762    
s       3.3668473803           0.73591359951    
s       1.5249277839           0.44330199577    

s       0.29630037912          1.0000000        

s       0.11009288974          1.0000000        

p    1455.9068120              0.88203597043E-02      
p     343.75101831             0.66875851967E-01      
p     109.29554964             0.26640578080    
p      39.707711022            0.53834928422    
p      14.950185232            0.36303281993    

p       8.0208962094           0.34153807025    
p       3.2934649756           0.57257906583    
p       1.4058602438           0.25549813222    

p       0.45076123226          1.0000000        

p       0.13353413325          1.0000000        

d      94.494024044            0.23490101098D-01      
d      27.188185260            0.13747735767D+00      
d       9.5091567352           0.36649929124D+00      
d       3.4170516853           0.48750989884D+00      

d       1.1479590083           1.0000000        

d       0.3380000              1.0000000        

Br 35 12 6 3 3 1 1 5 3 1 1 4 1 1

s  113286.3877600              0.14283037779E-02      
s   17009.6263030              0.10950417496E-01      
s    3870.1842567              0.54421006604E-01      
s    1093.0357227              0.19047907695    
s     356.39721797             0.39024642737    
s     123.12539643             0.30814432514    

s     236.74084007            -0.11228065671    
s      28.468661070            0.64775962312    
s      11.883443722            0.44235575986    

s      21.269633312           -0.22642576323    
s       3.6129226841           0.73823712008    
s       1.6626648969           0.42683868694    

s       0.34823793232          1.0000000        

s       0.13019031394          1.0000000        

p    1560.2801881              0.87166669072E-02      
p     368.47859205             0.66243637420E-01      
p     117.22978849             0.26495610385    
p      42.648909248            0.53839160587    
p      16.087225096            0.36579387888    

p       8.6352810058           0.34248787366    
p       3.5613665502           0.57500678213    
p       1.5292626609           0.24330394172    

p       0.53064294848          1.0000000        

p       0.15702758965          1.0000000        

d     104.85518642             0.22650147581D-01      
d      30.281143688            0.13455483230    
d      10.651394267            0.36474454537    
d       3.8699456233           0.49044587056    

d       1.3240876762           1.0000000        

d       0.3890000              1.0000000        

Kr 36 12 6 3 3 1 1 5 3 1 1 4 1 1

s  120165.6487500              0.14294234496E-02      
s   18042.5001690              0.10959597020E-01      
s    4105.1800388              0.54479647470E-01      
s    1159.4447248              0.19081239122    
s     378.13810346             0.39140445949    
s     130.67610045             0.31007346689    

s     250.96373353            -0.11258604011    
s      30.265930380            0.64816322524    
s      12.668110757            0.44240238994    

s      22.697940101           -0.22391964908    
s       3.8673017398           0.74060953026    
s       1.8013706671           0.40803658445    

s       0.40308639136          1.0000000        

s       0.15170527749          1.0000000        

p    1668.5736623              0.86215009803E-02      
p     394.13862798             0.65665506884E-01      
p     125.46644854             0.26366576697    
p      45.704992729            0.53867658574    
p      17.270133229            0.36865167502    

p       9.2699487770           0.34346189015    
p       3.8364617719           0.57784776196    
p       1.6467163312           0.23075615197    

p       0.61479686489          1.0000000        

p       0.18319467414          1.0000000        

d     115.55868603             0.21945485333D-01      
d      33.477985864            0.13211212879    
d      11.834450207            0.36333306964    
d       4.3408254894           0.49300484446    

d       1.5079273157           1.0000000        

d       0.4430000              1.0000000        

Rb 37 10 3 1 1 1 1 4 1 1 1 1

s       4.6687885071           0.29008526793    
s       2.9442428420          -0.67740090428    
s       0.58171262989          0.45712389487    

s       0.45147933555          1.0000000        

s       0.21604923532          1.0000000        

s       0.32088816526E-01            1.0000000        

s       0.13833878175E-01            1.0000000        

p       5.5234179480           0.51234729472E-01      
p       3.4120149646          -0.17337025646    
p       0.76899021792          0.43339683188    
p       0.33088071786          0.55354332721    

p       0.13423268441          1.0000000        

p       0.20642679613E-01            1.0000000        

d       0.2260000              1.0000000        

d       0.27432280711E-01            1.0000000        

Sr 38 9 3 1 1 1 4 1 1 4 1

s       5.9276428767           0.19698765364    
s       3.0691274814          -0.64852205985    
s       0.70675488028          0.62064729022    

s       0.33824024280          1.0000000        

s       0.61768869200E-01            1.0000000        

s       0.25767593093E-01            1.0000000        

p       2.4324720000          -0.37145059848    
p       1.6642340000           0.37856824234    
p       0.59455471858          0.59874487803    
p       0.26152621998          0.35314019512    

p       0.10258814042          1.0000000        

p       0.33223404030E-01            1.0000000        

d       3.6180810000          -0.75010000000E-02      
d       0.99665600000          0.10809800000    
d       0.39073500000          0.27854000000    
d       0.12277000000          0.47731800000    

d       0.36655000000E-01            1.0000000        

Y 39 10 3 1 1 1 1 4 1 1 4 1

s       5.1329580000          -1.3864845457     
s       4.2401920000           1.9459581166     
s       1.2982800000           0.44182603154    

s       0.82904954347          1.0000000        

s       0.34752758911          1.0000000        

s       0.68418878574E-01            1.0000000        

s       0.27323992904E-01            1.0000000        

p       2.7279200000          -0.37249884911871 
p       1.9790500000           0.32572065995957 
p       0.79980886805          0.50094655502482 
p       0.38409397354          0.44385929492812 

p       0.16173582264          1.0000000        

p       0.0300000              1.0000000        

d       3.9030833060          -0.0098209792625124      
d       1.1363234302           0.19183629664092 
d       0.45617043877          0.40597788538820 
d       0.17470950748          0.43861485518224 

d       0.61978796638E-01            1.0000000        

Zr 40 10 3 1 1 1 1 4 1 1 4 1

s       5.8737890000           0.54255558714    
s       4.2872700000          -0.95241333244    
s       1.4641370000          -0.13703926411    

s       0.83727682345          1.0000000        

s       0.36849806511          1.0000000        

s       0.77806859124E-01            1.0000000        

s       0.30273088330E-01            1.0000000        

p       2.8742240000          -0.46624086918    
p       2.1199010000           0.45883133891    
p       0.78845821105          0.58853912475    
p       0.36332579847          0.35822232244    

p       0.14951762021          1.0000000        

p       0.30000000000E-01            1.0000000        

d       4.2898623878          -0.12212868080E-01      
d       1.3615557498           0.19692423520    
d       0.56937550689          0.42057831659    
d       0.22674948677          0.42757027999    

d       0.83011031631E-01            1.0000000        

Nb 41 10 3 1 1 1 1 4 1 1 4 1

s       6.5663010000          -0.94917907866    
s       4.5864380000           1.5736372883     
s       3.7537700000           0.36380422981    

s       0.84187717437          1.0000000        

s       0.38160666177          1.0000000        

s       0.85819911368E-01            1.0000000        

s       0.32702330370E-01            1.0000000        

p       3.0700630000          -0.51025115881    
p       2.2379640000           0.53570598017    
p       0.80801969671          0.63102216351    
p       0.35783343432          0.30205908942    

p       0.13820085283          1.0000000        

p       0.0360000              1.0000000        

d       4.6170975867          -0.13574476955E-01      
d       1.5663438480           0.20374310496    
d       0.66952425826          0.42997453105    
d       0.27140946867          0.4179975484761  

d       0.10054426592          1.0000000        

Mo 42 10 3 1 1 1 1 4 1 1 4 1

s       7.2033800000          -0.89310617237    
s       5.0522950000           1.6074095756     
s       2.9135330000           0.27804186088    

s       0.97858218681          1.0000000        

s       0.44369153753          1.0000000        

s       0.92150090705E-01            1.0000000        

s       0.34802246935E-01            1.0000000        

p       3.1518660000          -0.71873040872    
p       2.4534820000           0.76442887870    
p       0.85030192180          0.64808585640    
p       0.36918237179          0.26792115234    

p       0.13490627460          1.0000000        

p       0.38200000000E-01            1.0000000        

d       5.0044445497          -0.21587364862E-01      
d       1.7736823324           0.20958680086    
d       0.76950591696          0.43730880599    
d       0.31530878939          0.41123927009    

d       0.11754374390          1.0000000        

Tc 43 10 3 1 1 1 1 4 1 1 4 1

s       7.4344020000          -1.1436289973     
s       5.5513270000           1.8752000559     
s       3.0230860000           0.23952854431    

s       1.0647443990           1.0000000        

s       0.48127808497          1.0000000        

s       0.98299016952E-01            1.0000000        

s       0.36659977936E-01            1.0000000        

p       3.4490050000          -0.72277510434    
p       2.6927370000           0.76458962802    
p       0.94427370692          0.64533225171    
p       0.41348148619          0.27195668811    

p       0.15488152305          1.0000000        

p       0.40300000000E-01            1.0000000        

d       5.0906268699          -0.32176405405E-01      
d       2.0156178510           0.21280802536    
d       0.88113887240          0.44403309175    
d       0.36427094833          0.40796933085    

d       0.13678402297          1.0000000        

Ru 44 10 3 1 1 1 1 4 1 1 4 1

s       7.9365700000          -1.1772083350     
s       5.9842450000           1.6197059592     
s       4.8822200000           0.51065807556    

s       1.1031002163           1.0000000        

s       0.49818875261          1.0000000        

s       0.10678711393          1.0000000        

s       0.39191775872E-01            1.0000000        

p       3.7546090000          -0.70777873563    
p       2.9165710000           0.74954391484    
p       1.0322209568           0.64660609645    
p       0.45249553774          0.27029086816    

p       0.16987042198          1.0000000        

p       0.43000000000E-01            1.0000000        

d       5.7341846619          -0.35266111560E-01      
d       2.2483686294           0.21802502222    
d       0.98376978359          0.44709565013    
d       0.40379445583          0.40371732508    

d       0.14978618173          1.0000000        

Rh 45 10 3 1 1 1 1 4 1 1 4 1

s       7.9177440000           0.14014042010165D+01      
s       6.8412070000          -0.17975072656312D+01      
s       2.9598400000          -0.16225754496571 

s       1.3166643441           1.0000000        

s       0.56907152172          1.0000000        

s       0.10059695193          1.0000000        

s       0.37071460798E-01            1.0000000        

p       4.1360790000          -0.55183328017626 
p       2.9462810000           0.61370533515352 
p       1.0792431924           0.64005434538256 
p       0.46611217769          0.25958050755066 

p       0.17453169991          1.0000000        

p       0.0410000              1.0000000        

d       6.8847131641          -0.15962387984517D-01      
d       2.3837304391           0.23047555828858 
d       1.0184384022           0.44075804027937 
d       0.39957494644          0.39567661995894 

d       0.13951120264          1.0000000        

Pd 46 10 3 1 1 1 1 4 1 1 4 1

s       8.4756400000           1.2392391076     
s       7.1657170000          -1.6563109970     
s       3.1821100000          -0.13178619060    

s       1.3973644196           1.0000000        

s       0.60532955868          1.0000000        

s       0.10229514209          1.0000000        

s       0.37338972881E-01            1.0000000        

p       4.2460970000          -0.82324104973    
p       3.3925940000           0.87084659933    
p       1.1975891264           0.63512225791    
p       0.52673750585          0.27225338752    

p       0.20607094098          1.0000000        

p       0.37000000000E-01            1.0000000        

d       7.3613290985          -0.17199885828E-01      
d       2.6291037258           0.23313745275    
d       1.1292744634           0.44536385867    
d       0.44471659896          0.39293650406    

d       0.15544893836          1.0000000        

Ag 47 10 3 1 1 1 1 4 1 1 4 1

s       9.0884420000          -1.9808918797     
s       7.5407310000           2.7554513347     
s       2.7940050000           0.22715408381    

s       1.4918135849           1.0000000        

s       0.63579159445          1.0000000        

s       0.10368414161          1.0000000        

s       0.37460004363E-01            1.0000000        

p       4.4512400000          -0.99352103771    
p       3.6752630000           1.0500525237     
p       1.2610620905           0.64747532537    
p       0.54212477498          0.25621550723    

p       0.20221617026          1.0000000        

p       0.0412000              1.0000000        

d       7.7956672292          -0.17042912377E-01      
d       2.8926510238           0.23446154803    
d       1.2474273203           0.44765877533    
d       0.49313817671          0.39064954560    

d       0.17285032603          1.0000000        

Cd 48 10 3 1 1 1 1 4 1 1 4 1

s       9.7270110000          -1.7930075316     
s       7.8375230000           2.6110318971     
s       5.0891940000           0.10748428949    

s       1.4981738327           1.0000000        

s       0.67281383129          1.0000000        

s       0.13297424875          1.0000000        

s       0.46915090488E-01            1.0000000        

p       4.7427160000          -1.0411923051     
p       3.9366550000           1.1003682332     
p       1.3569243142           0.65366639411    
p       0.58791569541          0.24632369113    

p       0.21371239619          1.0000000        

p       0.0516000              1.0000000        

d       7.8631040859          -0.21376239365E-01      
d       3.2935059133           0.22596399568    
d       1.4503676025           0.45294402972    
d       0.59373316766          0.39218971958231D+00      

d       0.21760141520          1.0000000        

In 49 10 6 2 1 1 4 1 1 1 5 1

s     283.52297445             0.70132141424E-03      
s      23.324282101           -0.90887432418E-01      
s      16.868026844            0.28096825177    
s       6.7866498137          -0.70697832452    
s       1.6782596016           0.98671644913    
s       0.78396870439          0.62568576302    

s       1.8276654775          -0.34151640249    
s       0.83753492534         -0.59696724334    

s       0.16643068973          1.0000000        

s       0.61143742809E-01            1.0000000        

p      14.699191826            0.92248042349E-01      
p       8.8709038051          -0.32437029300    
p       1.1342905889           0.61162217018    
p       0.52667652433          0.17609640386    

p       2.3284433667           1.0000000        

p       0.16859144934          1.0000000        

p       0.50070381081E-01            1.0000000        

d      31.378655926            0.54007004722E-02      
d      18.290046326           -0.11208558948E-01      
d       3.2551894590           0.30384519161    
d       1.3874842584           0.54078109979    
d       0.54248962672          0.38232680038    

d       0.18000000000          1.0000000        

Sn 50 10 6 2 1 1 4 1 1 1 5 1

s     375.95156177             0.15224884228E-02      
s      23.661818008           -0.16776065030    
s      19.946281315            0.33989090393    
s       6.8240270454          -0.84441791529    
s       1.8771488722           0.92646952846    
s       0.82033199226          0.53091094490    

s      10.341549887           -0.90331119154E-02      
s       1.3672524155           0.22980877714    

s       0.18314843823          1.0000000        

s       0.69547226146E-01            1.0000000        

p      21.293597748            0.37103218279E-01      
p       8.8171842499          -0.32351709661    
p       1.2347028371           0.83846760898    
p       0.57869142617          0.23294977050    

p       2.5084050284           1.0000000        

p       0.21298577719          1.0000000        

p       0.67364584657E-01            1.0000000        

d      39.693023177            0.39185734275E-02      
d      20.852179275           -0.68210073667E-02      
d       3.6907832774           0.27938420495    
d       1.5849404530           0.52607409874    
d       0.62772693365          0.36149465348    

d       0.20500000000          1.0000000        

Sb 51 10 6 2 1 1 4 1 1 1 5 1

s     372.76139166             0.15878057239E-02      
s      22.689478596           -0.15027605583    
s      18.391547037            0.35915813039    
s       7.6406271414          -0.74805091065    
s       1.9052000235           0.92017581656    
s       0.93007107773          0.46754079597    

s      10.584496987           -0.14845336778E-01      
s       1.4680242769           0.35289492025    

s       0.21621190032          1.0000000        

s       0.83546307041E-01            1.0000000        

p      15.926550950            0.13206950012    
p      10.052739237           -0.41511149340    
p       1.2682183726           0.74197972626    
p       0.57196620929          0.15580772750    

p       2.6190751238           1.0000000        

p       0.25183282652          1.0000000        

p       0.83389127684E-01            1.0000000        

d      45.485063360            0.32556415807E-02      
d      18.504059617           -0.54952972010E-02      
d       3.9156032308           0.27988806353    
d       1.7142196009           0.51273377761    
d       0.69675478242          0.33288802736    

d       0.23060000000          1.0000000        

Te 52 10 6 2 1 1 4 1 1 1 5 1

s     396.47954659             0.26307731203E-02      
s      21.919773309           -0.13203517066    
s      18.061271390            0.36203197834    
s       8.1403463241          -0.75591120276    
s       2.0705998798           0.79192928400    
s       0.97715185085          0.40558342540    

s      11.263563841           -0.15212984183E-01      
s       1.6122696062           0.35202140517    

s       0.25095401705          1.0000000        

s       0.97478452576E-01            1.0000000        

p      17.479502221            0.11517799182    
p      10.433943171           -0.41205302672    
p       1.3623024763           0.78760578076    
p       0.59239616258          0.15283299018    

p       2.7961737670           1.0000000        

p       0.29766401026          1.0000000        

p       0.96151090240E-01            1.0000000        

d      50.821835991            0.33763474774E-02      
d      18.884095378           -0.35221408938E-02      
d       4.2527304630           0.28254216065    
d       1.8757557092           0.52039372916    
d       0.77069282849          0.32213541689    

d       0.25000000000          1.0000000        

I 53 10 6 2 1 1 4 1 1 1 5 1

s     445.90489176             0.20037290389E-02      
s      23.336842412           -0.14989397324    
s      19.583446104            0.36436474913    
s       8.5112089186          -0.75538138199    
s       2.1996161861           0.82816359356    
s       1.0668970454           0.42161048110    

s      11.720547572           -0.16160234511E-01      
s       1.7625986449           0.35271525193    

s       0.28697476318          1.0000000        

s       0.11227609607          1.0000000        

p      20.499027254            0.77159335656E-01      
p      10.558754576           -0.38370372780    
p       1.5015895485           0.83554174719    
p       0.64597173095          0.16787259488    

p       3.0288656771           1.0000000        

p       0.34506591841          1.0000000        

p       0.11134513813          1.0000000        

d      51.235354920            0.40345130346E-02      
d      15.616239482           -0.50768108881E-02      
d       4.5266002139           0.29151065356    
d       2.0529808766           0.51145783605    
d       0.87640281623          0.31232025297    

d       0.30900000000          1.0000000        

Xe 54 16 5 2 1 1 1 1 3 4 1 1 1 6 1 1 1 1

s    6420.2481656              0.25092173886E-03      
s     983.54530664             0.16251948178E-02      
s     219.43881364             0.46037106451E-02      
s      23.012587807           -0.14698707182    
s      18.048324490            0.57524870348    

s      11.752550163            0.66038420156    
s       6.2390917199           0.38470524721    

s       2.6257211320           1.0000000        

s       1.2905042943           1.0000000        

s       0.36204185060          1.0000000        

s       0.14069888091          1.0000000        

p     193.81432545             0.95394802497E-03      
p      21.725228086            0.57393353332E-01      
p       9.8891605641          -0.27974266640    

p      13.960683826           -0.50950157807E-01      
p       4.0928947097           0.36669211800    
p       2.2546815460           0.72619456861    
p       1.1546596184           0.35555871740    

p       0.52321923128          1.0000000        

p       0.21945569800          1.0000000        

p       0.86158996836E-01            1.0000000        

d     135.60300038             0.81873543290E-03      
d      38.727062692            0.60897654151E-02      
d      15.377328089           -0.92782985596E-02      
d       5.2602537686           0.22890785589    
d       2.6590627424           0.44434407051    
d       1.2938205124           0.36029482992    

d       0.58050830139          1.0000000        

d       0.18000000000          1.0000000        

f       0.49652793             1.0000000        

f       2.5000000              1.0000000        

Cs 55 10 3 1 1 1 1 4 1 1 1 1

s       5.8778113443           0.12859994983    
s       4.3631538286          -0.34632569725    
s       1.8048475155           0.69930637051    

s       0.37485237136          1.0000000        

s       0.16384858778          1.0000000        

s       0.27230462048E-01            1.0000000        

s       0.11991533212E-01            1.0000000        

p       4.2751856154           0.45723074174E-01      
p       1.9656663360          -0.25019961976    
p       0.47689195212          0.55660850066    
p       0.21529749588          0.58218553406    

p       0.91450850296E-01            1.0000000        

p       0.17592078473E-01            1.0000000        

d       0.1330000              1.0000000        

d       0.33216214821E-01            1.0000000        

Ba 56 9 3 1 1 1 4 1 1 4 1

s       2.3961900000          -5.9554766710     
s       2.2433050000           6.6805648241     
s       0.71740200000         -0.57055347037    

s       0.27420073547          1.0000000        

s       0.40933264188E-01            1.0000000        

s       0.18060156423E-01            1.0000000        

p       2.9267420000           0.79815276764    
p       2.5207180000          -1.0707548832     
p       0.67578180854          0.34940781448    
p       0.31985844531          0.65041110673    

p       0.13221792446          1.0000000        

p       0.33039565349E-01            1.0000000        

d       0.9663150             -0.9089380        
d       0.8938280              0.9472400        
d       0.2731950              0.3220570        
d       0.1038910              0.4732600        

d       0.0355780              1.0000000        

La 57 11 2 1 1 1 1 1 4 1 1 4 1

s       5.0873990000          -0.44173707857    
s       4.2709780000           0.85812489720    

s       2.1823803999           1.0000000        

s       0.48954926461          1.0000000        

s       0.23292032550          1.0000000        

s       0.55595529876E-01            1.0000000        

s       0.22795184937E-01            1.0000000        

p       3.0251610000          -0.28580266654872D+00      
p       2.3820950000           0.51718364643673D+00      
p       0.67246658081         -0.44823115995325D+00      
p       0.32519427171         -0.58864843929619D+00      

p       0.13635489374          1.0000000        

p       0.0251000              1.0000000        

d       1.2667182018          -0.17445579381106D+00      
d       0.89049882672          0.25137236211233D+00      
d       0.32947291040          0.44604068239531D+00      
d       0.13398788830          0.44878277154181D+00      

d       0.51275503081E-01            1.0000000        

XX 58 0

XX 59 0

XX 60 0

XX 61 0

XX 62 0

XX 63 0

XX 64 0

XX 65 0

XX 66 0

XX 67 0

XX 68 0

XX 69 0

XX 70 0

XX 71 0

Hf 72 11 2 1 1 1 1 1 4 1 1 4 1

s      14.592485000           -0.80196298812    
s      11.547491000            1.5261602829     

s       4.9112973928           1.0000000        

s       0.79665469409          1.0000000        

s       0.34234072894          1.0000000        

s       0.98109197714E-01            1.0000000        

s       0.36190984443E-01            1.0000000        

p       6.7265310000           0.65076205465872 
p       5.9599790000          -0.83713508620273 
p       1.0921117054           0.50570506286223 
p       0.49702823217          0.51965388690539 

p       0.20258973792          1.0000000        

p       0.0336000              1.0000000        

d       3.9820623229          -0.042446023944105      
d       1.3077987772           0.18409232564002 
d       0.53272310298          0.41484423515705 
d       0.20564954488          0.44224303496859 

d       0.73099858787E-01            1.0000000        

Ta 73 11 2 1 1 1 1 1 4 1 1 4 1

s      14.400000000            0.99343296745    
s      12.000000000           -1.6510077975     

s       5.0701477302           1.0000000        

s       0.86033356487          1.0000000        

s       0.37158938894          1.0000000        

s       0.10745336254          1.0000000        

s       0.39142776556E-01            1.0000000        

p       7.4188720000           0.26979695152    
p       5.6984100000          -0.46968874449    
p       1.1777211960           0.50905100155    
p       0.54478533555          0.52298161137    

p       0.22309270117          1.0000000        

p       0.0431000              1.0000000        

d       3.9738796278          -0.52799310714E-01      
d       1.4528884813           0.18558319471    
d       0.61042908544          0.42959071631    
d       0.24216276510          0.43497228231503D+00      

d       0.87909318337E-01            1.0000000        

W 74 11 2 1 1 1 1 1 4 1 1 4 1

s      15.000000000           -0.53315505392    
s      12.000000000            1.0014141748     

s       5.2610967725           1.0000000        

s       0.92785370307          1.0000000        

s       0.40334458241          1.0000000        

s       0.11585976646          1.0000000        

s       0.41800474073E-01            1.0000000        

p       7.2496570000           0.45857265530    
p       6.0848760000          -0.66720686321    
p       1.2523777812           0.52090351989    
p       0.58569208922          0.51885687511    

p       0.24106964301          1.0000000        

p       0.0403000              1.0000000        

d       4.0131231332          -0.63416491808E-01      
d       1.6237452450           0.18452733732    
d       0.69187452392          0.44121676843    
d       0.27865835325          0.43158409241461D+00      

d       0.10225296446          1.0000000        

Re 75 11 2 1 1 1 1 1 4 1 1 4 1

s      14.781862000           -1.1395193885     
s      12.324075000            1.9371421121     

s       5.5098597284           1.0000000        

s       0.98874104687          1.0000000        

s       0.42833312030          1.0000000        

s       0.12296804533          1.0000000        

s       0.43949851581E-01            1.0000000        

p       7.4040050000           0.54510937865    
p       6.3502060000          -0.76096056536    
p       1.3311713455           0.53252276765    
p       0.62659600547          0.51483045040    

p       0.25922718696          1.0000000        

p       0.0483000              1.0000000        

d       4.0616274916          -0.76667295205E-01      
d       1.8487943286           0.18067495215    
d       0.78702048429          0.45160766937    
d       0.32069843172          0.43261236265745D+00      

d       0.11892742980          1.0000000        

Os 76 11 2 1 1 1 1 1 4 1 1 4 1

s      15.286736000           -1.0647114485     
s      12.700638000            1.8433193269     

s       5.7094832504           1.0000000        

s       1.0689228744           1.0000000        

s       0.46783543749          1.0000000        

s       0.13253456992          1.0000000        

s       0.47101982911E-01            1.0000000        

p       7.9362790000           0.33899369659    
p       6.3036410000          -0.56379438345    
p       1.4351579676           0.52360040577    
p       0.68442749722          0.52445339821    

p       0.28347394974          1.0000000        

p       0.0581000              1.0000000        

d       3.5808150000          -0.42773932262    
d       3.1961650000           0.44501403992    
d       1.0550226354           0.43689459722    
d       0.41588406618          0.48220605798770D+00      

d       0.14653507868          1.0000000        

Ir 77 11 2 1 1 1 1 1 4 1 1 4 1

s      15.293709000           -1.6731899791     
s      13.573682000            2.3934378976     

s       5.8213436542           1.0000000        

s       1.1520364268           1.0000000        

s       0.51104895338          1.0000000        

s       0.14084043578          1.0000000        

s       0.49828673085E-01            1.0000000        

p       8.6697960000           0.21469187346391 
p       6.2456140000          -0.44863071815131 
p       1.5657036153           0.50653393256771 
p       0.75577412863          0.54052273352337 

p       0.31306011113          1.0000000        

p       0.0548000              1.0000000        

d       3.6994850000          -0.54840155964653 
d       3.3617430000           0.56835425804006 
d       1.1177053710           0.44304381513032 
d       0.44322534858          0.47078394930144 

d       0.15641305125          1.0000000        

Pt 78 11 2 1 1 1 1 1 4 1 1 4 1

s      16.559563000           -0.53808800717    
s      13.892440000            0.91402161377    

s       5.8531044732           1.0000000        

s       1.2498640609           1.0000000        

s       0.55606439459          1.0000000        

s       0.13793093812          1.0000000        

s       0.48989034059E-01            1.0000000        

p       8.1000000000           0.72955608128    
p       7.2000000000          -0.95441807252    
p       1.5588402917           0.57140490320    
p       0.73230402180          0.49508234268    

p       0.30270484669          1.0000000        

p       0.50000000000E-01            1.0000000        

d       4.6299536825          -0.87774450596E-01      
d       2.1980241252           0.21158360681    
d       0.93629991261          0.46533857641    
d       0.37160028160          0.41129165525    

d       0.13155928617          1.0000000        

Au 79 11 2 1 1 1 1 1 4 1 1 4 1

s      20.115299000           -0.15910719389    
s      12.193477000            0.79105526778    

s       6.0735294368           1.0000000        

s       1.3174451569           1.0000000        

s       0.58596768244          1.0000000        

s       0.13875427354          1.0000000        

s       0.48876985527E-01            1.0000000        

p       8.6096650000           0.50053018599    
p       7.3353260000          -0.72681584494    
p       1.6575296365           0.57315511417    
p       0.78159310216          0.49579068859    

p       0.32384840661          1.0000000        

p       0.0540000              1.0000000        

d       4.1439490000          -0.37099566643    
d       3.5682570000           0.40197233762    
d       1.2345757130           0.46001988624    
d       0.48190232338          0.46152130957882D+00      

d       0.16490636769          1.0000000        

Hg 80 11 2 1 1 1 1 1 4 1 1 4 1

s      26.842049000           -0.26845096483E-01      
s      10.320909000            0.81771278143    

s       6.3656242291           1.0000000        

s       1.3898932095           1.0000000        

s       0.63706742699          1.0000000        

s       0.16047725098          1.0000000        

s       0.56410423453E-01            1.0000000        

p       9.7729900000           0.21210940502    
p       7.1690950000          -0.44026342153    
p       1.7559567931           0.58406314464    
p       0.83145670425          0.49359746203    

p       0.34494917659          1.0000000        

p       0.07000000000          1.0000000        

d       4.2800000000          -0.32033414305491 
d       3.4800000000           0.37748470203231 
d       1.2535869926           0.48342275878173 
d       0.50841366863          0.43493523158359 

d       0.18501599388          1.0000000        

Tl 81 10 6 2 1 1 4 1 1 1 5 1

s      45.356924655            0.50938157397E-02      
s      20.278843336           -0.14805704314    
s      14.420612394            0.36768453564    
s       6.2161909754          -0.66820394623    
s       1.5002511178           0.96232806743    
s       0.76330879305          0.33175999361    

s       7.8193195283          -0.18828631537E-01      
s       1.3176904042           0.32093431467    

s       0.17643545481          1.0000000        

s       0.65296835238E-01            1.0000000        

p       9.0323058024           0.22738839085    
p       7.5356419671          -0.35117975889    
p       1.0521421998           0.25690085604    
p       0.50303932656          0.84549942764E-01      

p       2.0067660913           1.0000000        

p       0.16675605056          1.0000000        

p       0.48596401464E-01            1.0000000        

d       9.4421940760           0.58250776986E-01      
d       7.4410003381          -0.11789199301    
d       1.9831617772           0.34232057636    
d       0.91671748567          0.47557282350    
d       0.39647207885          0.30528029435    

d       0.15500000000          1.0000000        

Pb 82 10 6 2 1 1 4 1 1 1 5 1

s      55.727520333            0.29681153058E-02      
s      20.302912827           -0.14352634362    
s      14.558628750            0.37554188507    
s       6.5370530973          -0.67253099800    
s       1.5933900686           0.95887533909    
s       0.83051419711          0.32593632538    

s       8.0719473648          -0.20412061217E-01      
s       1.4165737490           0.32865829049    

s       0.20418933370          1.0000000        

s       0.77159007761E-01            1.0000000        

p       9.5531412199           0.20542943990    
p       7.5327685129          -0.36407590058    
p       1.1185539567           0.32217481686    
p       0.53739855255          0.96677743015E-01      

p       2.1359869828           1.0000000        

p       0.20027494801          1.0000000        

p       0.63408011513E-01            1.0000000        

d      13.494505735            0.11571042371E-01      
d       7.0609770411          -0.66746645076E-01      
d       2.1581835375           0.33978760942    
d       1.0148541418           0.48523039273    
d       0.44632672920          0.29682924018    

d       0.17500000000          1.0000000        

Bi 83 10 6 2 1 1 4 1 1 1 5 1

s     175.19632102             0.80278879028E-03      
s      19.820147783           -0.14624461250    
s      14.960110102            0.37435719885    
s       6.7065785571          -0.68476017748    
s       1.7391967524           0.90967322081    
s       0.94504730591          0.38695797807    

s       8.4636832909          -0.20037183144E-01      
s       1.5317838545           0.31054408682    

s       0.23405391503          1.0000000        

s       0.90268814613E-01            1.0000000        

p      10.672046293            0.14391258793    
p       7.1992185915          -0.37994608603    
p       1.5359697528           0.53268032065    
p       0.72201275727          0.23037698678    

p       2.8508661858           1.0000000        

p       0.23769418731          1.0000000        

p       0.78768140453E-01            1.0000000        

d      15.834273510            0.85062993231E-02      
d       7.0956896087          -0.65954380016E-01      
d       2.3363137007           0.33707163406    
d       1.1208861366           0.49128719933    
d       0.50309487376          0.29095930644    

d       0.20000000000          1.0000000        

Po 84 10 6 2 1 1 4 1 1 1 5 1

s     278.13783916             0.91690497839E-03      
s      19.659291105           -0.14713009283    
s      15.016229647            0.38790413631    
s       7.1149978720          -0.67059966298    
s       1.7879214122           0.91212928327    
s       0.94021655206          0.29153755200    

s       8.7584161749          -0.21561417525E-01      
s       1.6503945866           0.31638990001    

s       0.26329582133          1.0000000        

s       0.10190654304          1.0000000        

p      10.445945973            0.23631841405    
p       8.0293101888          -0.45017818996    
p       1.3588798023           0.44160334658    
p       0.66829182929          0.14575285544    

p       2.4460635387           1.0000000        

p       0.27242942777          1.0000000        

p       0.88796031338E-01            1.0000000        

d      18.292670150            0.72030963652E-02      
d       7.1695578539          -0.66160544754E-01      
d       2.5029225180           0.34363449378    
d       1.2115945443           0.50529101033    
d       0.54713334240          0.28301155453    

d       0.21500000000          1.0000000        

At 85 10 6 2 1 1 4 1 1 1 5 1

s     303.23376176             0.63504969788E-03      
s      20.289449240           -0.13823165350    
s      15.383783126            0.38333193283    
s       7.4702184232          -0.66837560338    
s       1.8731608346           0.91545877992    
s       0.97426847543          0.25559567998    

s       8.9610112498          -0.23092977605E-01      
s       1.7804284294           0.31690635939    

s       0.29269461143          1.0000000        

s       0.11395353119          1.0000000        

p      10.722023134            0.26194870008    
p       8.4823338656          -0.46607228264    
p       1.3474291294           0.42119853309    
p       0.62824011467          0.10643224457    

p       2.4814896839           1.0000000        

p       0.31036518470          1.0000000        

p       0.10144862043          1.0000000        

d      20.799819604            0.65227965381E-02      
d       7.1664616770          -0.67780885217E-01      
d       2.6934397048           0.33954991335    
d       1.3175112423           0.50899559178    
d       0.59997066293          0.27526771759    

d       0.23500000000          1.0000000        

Rn 86 16 5 2 1 1 1 1 3 4 1 1 1 6 1 1 1 1

s    5187.7442468              0.16097034848E-03      
s     768.14491207             0.10508214789E-02      
s     159.35182065             0.27375438093E-02      
s      21.863432724           -0.55045904905    
s      18.388689978            0.78321373922    

s      24.816226448           -0.82636797204E-01      
s       7.2923301677           1.0926256000     

s       2.0850437166           1.0000000        

s       1.0915245945           1.0000000        

s       0.34915708428          1.0000000        

s       0.13648422952          1.0000000        

p     194.68918723             0.26265814046E-03      
p      11.210013525            0.19952302621    
p       7.5298316489          -0.45994479561    

p       9.0845000304          -0.23093917426    
p       6.2631489717           0.39747614192    
p       2.2545193734           0.83026693838    
p       1.1180666918           0.51467013112    

p       0.47444492594          1.0000000        

p       0.20172354616          1.0000000        

p       0.79503144392E-01            1.0000000        

d      75.302723665            0.73590238429E-03      
d      17.965913830            0.89490827389E-02      
d       7.3741298033          -0.76641663693E-01      
d       3.2296258578           0.22975404602    
d       1.7937840508           0.43991495311    
d       0.94633319732          0.35259395198    

d       0.46860482223          1.0000000        

d       0.20000000000          1.0000000        

f       0.4180600              1.0000000        

f       2.1000000              1.0000000        

