DGA1-DFT-Coulomb-Fitting
BASIS:
H 1 4 1 1 1 1

s       0.45000000E+02         1.0000000        

s       0.75000000E+01         1.0000000        

s       1.50000000E+00         1.0000000        

s       0.30000000E+00         1.0000000        

He 2 4 1 1 1 1

s       0.54000000E+02         1.0000000        

s       0.90000000E+01         1.0000000        

s       0.18000000E+01         1.0000000        

s       0.36000000E+00         1.0000000        

Li 3 10 1 1 1 1 1 1 1 1 1 1

s     256.00000000             1.0000000        

s      51.20000000             1.0000000        

s      12.80000000             1.0000000        

s       3.20000000             1.0000000        

s       0.80000000             1.0000000        

s       0.05000000             1.0000000        

s       0.20000000             1.0000000        

p       0.05000000             1.00000000       

p       0.20000000             1.00000000       

d       0.20000000             1.0000000        

Be 4 10 1 1 1 1 1 1 1 1 1 1

s       0.51200000E+03         1.0000000        

s       0.10300000E+03         1.0000000        

s       0.25600000E+02         1.0000000        

s       0.64000000E+01         1.0000000        

s       0.16000000E+01         1.0000000        

s       0.11000000E+00         1.00000000       

s       0.40000000E+00         1.00000000       

p       0.11000000E+00         1.00000000       

p       0.40000000E+00         1.00000000       

d       0.40000000E+00         1.0000000        

B 5 13 1 1 1 1 1 1 1 1 1 1 1 1 1

s     716.80000000             1.0000000        

s     143.40000000             1.0000000        

s      35.84000000             1.0000000        

s       8.96000000             1.0000000        

s       2.80000000             1.0000000        

s       0.56000000             1.0000000        

s       0.14000000             1.0000000        

p       2.80000000             1.00000000       

p       0.56000000             1.00000000       

p       0.14000000             1.00000000       

d       2.80000000             1.0000000        

d       0.56000000             1.0000000        

d       0.14000000             1.0000000        

C 6 13 1 1 1 1 1 1 1 1 1 1 1 1 1

s    1114.00000000             1.0000000        

s     223.00000000             1.0000000        

s      55.72000000             1.0000000        

s      13.90000000             1.0000000        

s       4.40000000             1.00000000       

s       0.87000000             1.00000000       

s       0.22000000             1.00000000       

p       4.40000000             1.00000000       

p       0.87000000             1.00000000       

p       0.22000000             1.00000000       

d       4.40000000             1.0000000        

d       0.87000000             1.0000000        

d       0.22000000             1.0000000        

N 7 13 1 1 1 1 1 1 1 1 1 1 1 1 1

s    1640.00000000             1.0000000        

s     328.00000000             1.0000000        

s      82.00000000             1.0000000        

s      20.50000000             1.0000000        

s       6.40000000             1.00000000       

s       1.28000000             1.00000000       

s       0.32000000             1.00000000       

p       6.40000000             1.00000000       

p       1.28000000             1.00000000       

p       0.32000000             1.00000000       

d       6.40000000             1.0000000        

d       1.28000000             1.0000000        

d       0.32000000             1.0000000        

O 8 13 1 1 1 1 1 1 1 1 1 1 1 1 1

s    2000.00000000             1.0000000        

s     400.00000000             1.0000000        

s     100.00000000             1.0000000        

s      25.00000000             1.0000000        

s       7.80000000             1.00000000       

s       1.56000000             1.00000000       

s       0.39000000             1.00000000       

p       7.80000000             1.00000000       

p       1.56000000             1.00000000       

p       0.39000000             1.00000000       

d       7.80000000             1.0000000        

d       1.56000000             1.0000000        

d       0.39000000             1.0000000        

F 9 13 1 1 1 1 1 1 1 1 1 1 1 1 1

s    2458.00000000             1.0000000        

s     492.00000000             1.0000000        

s     123.00000000             1.0000000        

s      30.70000000             1.0000000        

s       9.60000000             1.00000000       

s       1.92000000             1.00000000       

s       0.48000000             1.00000000       

p       9.60000000             1.00000000       

p       1.92000000             1.00000000       

p       0.48000000             1.00000000       

d       9.60000000             1.0000000        

d       1.92000000             1.0000000        

d       0.48000000             1.0000000        

Ne 10 13 1 1 1 1 1 1 1 1 1 1 1 1 1

s       0.30720000E+04         1.0000000        

s       0.61400000E+03         1.0000000        

s       0.15360000E+03         1.0000000        

s       0.38400000E+02         1.0000000        

s       0.12000000E+02         1.00000000       

s       0.24000000E+01         1.00000000       

s       0.60000000E+00         1.00000000       

p       0.12000000E+02         1.00000000       

p       0.24000000E+01         1.00000000       

p       0.60000000E+00         1.00000000       

d       0.12000000E+02         1.0000000        

d       0.24000000E+01         1.0000000        

d       0.60000000E+00         1.0000000        

Na 11 16 1 1 1 1 1 1 1 1 1 1 1 1 1 1 1 1

s       0.37000000E+04         1.0000000        

s       0.73700000E+03         1.0000000        

s       0.18400000E+03         1.0000000        

s       0.46000000E+02         1.0000000        

s       0.11500000E+02         1.0000000        

s       0.04700000E+00         1.00000000       

s       0.36000000E+01         1.00000000       

s       0.72000000E+00         1.00000000       

s       0.18000000E+00         1.00000000       

p       0.04700000E+00         1.00000000       

p       0.36000000E+01         1.00000000       

p       0.72000000E+00         1.00000000       

p       0.18000000E+00         1.00000000       

d       0.36000000E+01         1.0000000        

d       0.72000000E+00         1.0000000        

d       0.18000000E+00         1.0000000        

Mg 12 16 1 1 1 1 1 1 1 1 1 1 1 1 1 1 1 1

s       0.61400000E+04         1.0000000        

s       0.12200000E+04         1.0000000        

s       0.31000000E+03         1.0000000        

s       0.77000000E+02         1.0000000        

s       0.19000000E+02         1.0000000        

s       0.08000000E+00         1.00000000       

s       0.60000000E+01         1.00000000       

s       0.12000000E+01         1.00000000       

s       0.30000000E+00         1.00000000       

p       0.08000000E+00         1.00000000       

p       0.60000000E+01         1.00000000       

p       0.12000000E+01         1.00000000       

p       0.30000000E+00         1.00000000       

d       0.60000000E+01         1.0000000        

d       0.12000000E+01         1.0000000        

d       0.30000000E+00         1.0000000        

Al 13 17 1 1 1 1 1 1 1 1 1 1 1 1 1 1 1 1 1

s       0.68610000E+04         1.0000000        

s       0.13720000E+04         1.0000000        

s       0.34300000E+03         1.0000000        

s       0.85800000E+02         1.0000000        

s       0.21400000E+02         1.0000000        

s       0.67200000E+01         1.00000000       

s       0.13400000E+01         1.00000000       

s       0.34000000E+00         1.00000000       

s       0.08400000E+00         1.00000000       

p       0.67200000E+01         1.00000000       

p       0.13400000E+01         1.00000000       

p       0.34000000E+00         1.00000000       

p       0.08400000E+00         1.00000000       

d       0.67200000E+01         1.0000000        

d       0.13400000E+01         1.0000000        

d       0.34000000E+00         1.0000000        

d       0.08400000E+00         1.0000000        

Si 14 17 1 1 1 1 1 1 1 1 1 1 1 1 1 1 1 1 1

s       0.98300000E+04         1.0000000        

s       0.19660000E+04         1.0000000        

s       0.49200000E+03         1.0000000        

s       0.12300000E+03         1.0000000        

s       0.30720000E+02         1.0000000        

s       0.96000000E+01         1.00000000       

s       0.19200000E+01         1.00000000       

s       0.48000000E+00         1.00000000       

s       0.12000000E+00         1.00000000       

p       0.96000000E+01         1.00000000       

p       0.19200000E+01         1.00000000       

p       0.48000000E+00         1.00000000       

p       0.12000000E+00         1.00000000       

d       0.96000000E+01         1.0000000        

d       0.19200000E+01         1.0000000        

d       0.48000000E+00         1.0000000        

d       0.12000000E+00         1.0000000        

P 15 17 1 1 1 1 1 1 1 1 1 1 1 1 1 1 1 1 1

s       0.13107000E+05         1.0000000        

s       0.26210000E+04         1.0000000        

s       0.65500000E+03         1.0000000        

s       0.16400000E+03         1.0000000        

s       0.41000000E+02         1.0000000        

s       0.13000000E+02         1.00000000       

s       0.26000000E+01         1.00000000       

s       0.64000000E+00         1.00000000       

s       0.16000000E+00         1.00000000       

p       0.13000000E+02         1.00000000       

p       0.26000000E+01         1.00000000       

p       0.64000000E+00         1.00000000       

p       0.16000000E+00         1.00000000       

d       0.13000000E+02         1.0000000        

d       0.26000000E+01         1.0000000        

d       0.64000000E+00         1.0000000        

d       0.16000000E+00         1.0000000        

S 16 17 1 1 1 1 1 1 1 1 1 1 1 1 1 1 1 1 1

s       0.16384000E+05         1.0000000        

s       0.32770000E+04         1.0000000        

s       0.81900000E+03         1.0000000        

s       0.20500000E+03         1.0000000        

s       0.51000000E+02         1.0000000        

s       0.16000000E+02         1.00000000       

s       0.32000000E+01         1.00000000       

s       0.80000000E+00         1.00000000       

s       0.20000000E+00         1.00000000       

p       0.16000000E+02         1.00000000       

p       0.32000000E+01         1.00000000       

p       0.80000000E+00         1.00000000       

p       0.20000000E+00         1.00000000       

d       0.16000000E+02         1.0000000        

d       0.32000000E+01         1.0000000        

d       0.80000000E+00         1.0000000        

d       0.20000000E+00         1.0000000        

Cl 17 17 1 1 1 1 1 1 1 1 1 1 1 1 1 1 1 1 1

s       0.20480000E+05         1.0000000        

s       0.40960000E+04         1.0000000        

s       0.10240000E+04         1.0000000        

s       0.25600000E+03         1.0000000        

s       0.64000000E+02         1.0000000        

s       0.20000000E+02         1.00000000       

s       0.40000000E+01         1.00000000       

s       0.10000000E+01         1.00000000       

s       0.25000000E+00         1.00000000       

p       0.20000000E+02         1.00000000       

p       0.40000000E+01         1.00000000       

p       0.10000000E+01         1.00000000       

p       0.25000000E+00         1.00000000       

d       0.20000000E+02         1.0000000        

d       0.40000000E+01         1.0000000        

d       0.10000000E+01         1.0000000        

d       0.25000000E+00         1.0000000        

Ar 18 17 1 1 1 1 1 1 1 1 1 1 1 1 1 1 1 1 1

s       0.24576000E+05         1.0000000        

s       0.49150000E+04         1.0000000        

s       0.12290000E+04         1.0000000        

s       0.30700000E+03         1.0000000        

s       0.77000000E+02         1.0000000        

s       0.24000000E+02         1.00000000       

s       0.48000000E+01         1.00000000       

s       0.12000000E+01         1.00000000       

s       0.30000000E+00         1.00000000       

p       0.24000000E+02         1.00000000       

p       0.48000000E+01         1.00000000       

p       0.12000000E+01         1.00000000       

p       0.30000000E+00         1.00000000       

d       0.24000000E+02         1.0000000        

d       0.48000000E+01         1.0000000        

d       0.12000000E+01         1.0000000        

d       0.30000000E+00         1.0000000        

K 19 19 1 1 1 1 1 1 1 1 1 1 1 1 1 1 1 1 1 1 1

s       0.10000000E+05         1.0000000        

s       0.20000000E+04         1.0000000        

s       0.49000000E+03         1.0000000        

s       0.12200000E+03         1.0000000        

s       0.30700000E+02         1.0000000        

s       0.03500000E+00         1.00000000       

s       0.96000000E+01         1.00000000       

s       0.19200000E+01         1.00000000       

s       0.48000000E+00         1.00000000       

s       0.12000000E+00         1.00000000       

p       0.03500000E+00         1.00000000       

p       0.96000000E+01         1.00000000       

p       0.19200000E+01         1.00000000       

p       0.48000000E+00         1.00000000       

p       0.12000000E+00         1.00000000       

d       0.96000000E+01         1.0000000        

d       0.19200000E+01         1.0000000        

d       0.48000000E+00         1.0000000        

d       0.12000000E+00         1.0000000        

Ca 20 19 1 1 1 1 1 1 1 1 1 1 1 1 1 1 1 1 1 1 1

s       0.13900000E+05         1.0000000        

s       0.28000000E+04         1.0000000        

s       0.70000000E+03         1.0000000        

s       0.17400000E+03         1.0000000        

s       0.43500000E+02         1.0000000        

s       0.05400000E+00         1.00000000       

s       0.13600000E+02         1.00000000       

s       0.27200000E+01         1.00000000       

s       0.68000000E+00         1.00000000       

s       0.17000000E+00         1.00000000       

p       0.05400000E+00         1.00000000       

p       0.13600000E+02         1.00000000       

p       0.27200000E+01         1.00000000       

p       0.68000000E+00         1.00000000       

p       0.17000000E+00         1.00000000       

d       0.13600000E+02         1.0000000        

d       0.27200000E+01         1.0000000        

d       0.68000000E+00         1.0000000        

d       0.17000000E+00         1.0000000        

Sc 21 20 1 1 1 1 1 1 1 1 1 1 1 1 1 1 1 1 1 1 1 1

s       0.21000000E+05         1.0000000        

s       0.42000000E+04         1.0000000        

s       0.10500000E+04         1.0000000        

s       0.26240000E+03         1.0000000        

s       0.65600000E+02         1.0000000        

s       0.20500000E+02         1.00000000       

s       0.41000000E+01         1.00000000       

s       0.10300000E+01         1.00000000       

s       0.25600000E+00         1.00000000       

s       0.06400000E+00         1.00000000       

p       0.20500000E+02         1.00000000       

p       0.41000000E+01         1.00000000       

p       0.10300000E+01         1.00000000       

p       0.25600000E+00         1.00000000       

p       0.06400000E+00         1.00000000       

d       0.20500000E+02         1.0000000        

d       0.41000000E+01         1.0000000        

d       0.10300000E+01         1.0000000        

d       0.25600000E+00         1.0000000        

d       0.06400000E+00         1.0000000        

Ti 22 20 1 1 1 1 1 1 1 1 1 1 1 1 1 1 1 1 1 1 1 1

s       0.28000000E+05         1.0000000        

s       0.56000000E+04         1.0000000        

s       0.14000000E+04         1.0000000        

s       0.34800000E+03         1.0000000        

s       0.08700000E+03         1.0000000        

s       0.27200000E+02         1.00000000       

s       0.54400000E+01         1.00000000       

s       0.13600000E+01         1.00000000       

s       0.34000000E+00         1.00000000       

s       0.08400000E+00         1.00000000       

p       0.27200000E+02         1.00000000       

p       0.54400000E+01         1.00000000       

p       0.13600000E+01         1.00000000       

p       0.34000000E+00         1.00000000       

p       0.08400000E+00         1.00000000       

d       0.27200000E+02         1.0000000        

d       0.54400000E+01         1.0000000        

d       0.13600000E+01         1.0000000        

d       0.34000000E+00         1.0000000        

d       0.08400000E+00         1.0000000        

V 23 20 1 1 1 1 1 1 1 1 1 1 1 1 1 1 1 1 1 1 1 1

s       0.33100000E+05         1.0000000        

s       0.66200000E+04         1.0000000        

s       0.16500000E+04         1.0000000        

s       0.41400000E+03         1.0000000        

s       0.10300000E+03         1.0000000        

s       0.32000000E+02         1.00000000       

s       0.64600000E+01         1.00000000       

s       0.16100000E+01         1.00000000       

s       0.40400000E+00         1.00000000       

s       0.10100000E+00         1.00000000       

p       0.32000000E+02         1.00000000       

p       0.64600000E+01         1.00000000       

p       0.16100000E+01         1.00000000       

p       0.40400000E+00         1.00000000       

p       0.10100000E+00         1.00000000       

d       0.32000000E+02         1.0000000        

d       0.64600000E+01         1.0000000        

d       0.16100000E+01         1.0000000        

d       0.40400000E+00         1.0000000        

d       0.10100000E+00         1.0000000        

Cr 24 20 1 1 1 1 1 1 1 1 1 1 1 1 1 1 1 1 1 1 1 1

s       0.37000000E+05         1.0000000        

s       0.75300000E+04         1.0000000        

s       0.18800000E+04         1.0000000        

s       0.47100000E+03         1.0000000        

s       0.11700000E+03         1.0000000        

s       0.36800000E+02         1.00000000       

s       0.73600000E+01         1.00000000       

s       0.18400000E+01         1.00000000       

s       0.46000000E+00         1.00000000       

s       0.11500000E+00         1.00000000       

p       0.36800000E+02         1.00000000       

p       0.73600000E+01         1.00000000       

p       0.18400000E+01         1.00000000       

p       0.46000000E+00         1.00000000       

p       0.11500000E+00         1.00000000       

d       0.36800000E+02         1.0000000        

d       0.73600000E+01         1.0000000        

d       0.18400000E+01         1.0000000        

d       0.46000000E+00         1.0000000        

d       0.11500000E+00         1.0000000        

Mn 25 20 1 1 1 1 1 1 1 1 1 1 1 1 1 1 1 1 1 1 1 1

s       0.41000000E+05         1.0000000        

s       0.08200000E+05         1.0000000        

s       0.20500000E+04         1.0000000        

s       0.51000000E+03         1.0000000        

s       0.12800000E+03         1.0000000        

s       0.40000000E+02         1.00000000       

s       0.08000000E+02         1.00000000       

s       0.20000000E+01         1.00000000       

s       0.50000000E+00         1.00000000       

s       0.12500000E+00         1.00000000       

p       0.40000000E+02         1.00000000       

p       0.08000000E+02         1.00000000       

p       0.20000000E+01         1.00000000       

p       0.50000000E+00         1.00000000       

p       0.12500000E+00         1.00000000       

d       0.40000000E+02         1.0000000        

d       0.08000000E+02         1.0000000        

d       0.20000000E+01         1.0000000        

d       0.50000000E+00         1.0000000        

d       0.12500000E+00         1.0000000        

Fe 26 20 1 1 1 1 1 1 1 1 1 1 1 1 1 1 1 1 1 1 1 1

s       0.44000000E+05         1.0000000        

s       0.08800000E+05         1.0000000        

s       0.22000000E+04         1.0000000        

s       0.55000000E+03         1.0000000        

s       0.13700000E+03         1.0000000        

s       0.43200000E+02         1.00000000       

s       0.08600000E+02         1.00000000       

s       0.22000000E+01         1.00000000       

s       0.54000000E+00         1.00000000       

s       0.13500000E+00         1.00000000       

p       0.43200000E+02         1.00000000       

p       0.08600000E+02         1.00000000       

p       0.22000000E+01         1.00000000       

p       0.54000000E+00         1.00000000       

p       0.13500000E+00         1.00000000       

d       0.43200000E+02         1.0000000        

d       0.08600000E+02         1.0000000        

d       0.22000000E+01         1.0000000        

d       0.54000000E+00         1.0000000        

d       0.13500000E+00         1.0000000        

Co 27 20 1 1 1 1 1 1 1 1 1 1 1 1 1 1 1 1 1 1 1 1

s       0.47000000E+05         1.0000000        

s       0.09400000E+05         1.0000000        

s       0.23500000E+04         1.0000000        

s       0.59000000E+03         1.0000000        

s       0.14700000E+03         1.0000000        

s       0.46000000E+02         1.00000000       

s       0.09200000E+02         1.00000000       

s       0.23000000E+01         1.00000000       

s       0.58000000E+00         1.00000000       

s       0.14400000E+00         1.00000000       

p       0.46000000E+02         1.00000000       

p       0.09200000E+02         1.00000000       

p       0.23000000E+01         1.00000000       

p       0.58000000E+00         1.00000000       

p       0.14400000E+00         1.00000000       

d       0.46000000E+02         1.0000000        

d       0.09200000E+02         1.0000000        

d       0.23000000E+01         1.0000000        

d       0.58000000E+00         1.0000000        

d       0.14400000E+00         1.0000000        

Ni 28 20 1 1 1 1 1 1 1 1 1 1 1 1 1 1 1 1 1 1 1 1

s       0.50000000E+05         1.0000000        

s       0.09930000E+05         1.0000000        

s       0.25000000E+04         1.0000000        

s       0.62000000E+03         1.0000000        

s       0.15500000E+03         1.0000000        

s       0.48000000E+02         1.00000000       

s       0.09700000E+02         1.00000000       

s       0.24000000E+01         1.00000000       

s       0.60000000E+00         1.00000000       

s       0.15200000E+00         1.00000000       

p       0.48000000E+02         1.00000000       

p       0.09700000E+02         1.00000000       

p       0.24000000E+01         1.00000000       

p       0.60000000E+00         1.00000000       

p       0.15200000E+00         1.00000000       

d       0.48000000E+02         1.0000000        

d       0.09700000E+02         1.0000000        

d       0.24000000E+01         1.0000000        

d       0.60000000E+00         1.0000000        

d       0.15200000E+00         1.0000000        

Cu 29 20 1 1 1 1 1 1 1 1 1 1 1 1 1 1 1 1 1 1 1 1

s       0.53000000E+05         1.0000000        

s       0.10500000E+05         1.0000000        

s       0.26400000E+04         1.0000000        

s       0.66000000E+03         1.0000000        

s       0.16500000E+03         1.0000000        

s       0.51000000E+02         1.00000000       

s       0.10300000E+02         1.00000000       

s       0.25700000E+01         1.00000000       

s       0.64000000E+00         1.00000000       

s       0.16000000E+00         1.00000000       

p       0.51000000E+02         1.00000000       

p       0.10300000E+02         1.00000000       

p       0.25700000E+01         1.00000000       

p       0.64000000E+00         1.00000000       

p       0.16000000E+00         1.00000000       

d       0.51000000E+02         1.0000000        

d       0.10300000E+02         1.0000000        

d       0.25700000E+01         1.0000000        

d       0.64000000E+00         1.0000000        

d       0.16000000E+00         1.0000000        

Zn 30 20 1 1 1 1 1 1 1 1 1 1 1 1 1 1 1 1 1 1 1 1

s       0.75500000E+05         1.0000000        

s       0.15100000E+05         1.0000000        

s       0.37760000E+04         1.0000000        

s       0.94400000E+03         1.0000000        

s       0.23600000E+03         1.0000000        

s       0.74000000E+02         1.00000000       

s       0.14800000E+02         1.00000000       

s       0.37000000E+01         1.00000000       

s       0.92000000E+00         1.00000000       

s       0.23000000E+00         1.00000000       

p       0.74000000E+02         1.00000000       

p       0.14800000E+02         1.00000000       

p       0.37000000E+01         1.00000000       

p       0.92000000E+00         1.00000000       

p       0.23000000E+00         1.00000000       

d       0.74000000E+02         1.0000000        

d       0.14800000E+02         1.0000000        

d       0.37000000E+01         1.0000000        

d       0.92000000E+00         1.0000000        

d       0.23000000E+00         1.0000000        

Ga 31 20 1 1 1 1 1 1 1 1 1 1 1 1 1 1 1 1 1 1 1 1

s       0.26880000E+05         1.0000000        

s       0.53760000E+04         1.0000000        

s       0.13440000E+04         1.0000000        

s       0.33600000E+03         1.0000000        

s       0.84000000E+02         1.0000000        

s       0.26200000E+02         1.00000000       

s       0.52500000E+01         1.00000000       

s       0.13100000E+01         1.00000000       

s       0.33000000E+00         1.00000000       

s       0.08200000E+00         1.00000000       

p       0.26200000E+02         1.00000000       

p       0.52500000E+01         1.00000000       

p       0.13100000E+01         1.00000000       

p       0.33000000E+00         1.00000000       

p       0.08200000E+00         1.00000000       

d       0.26200000E+02         1.0000000        

d       0.52500000E+01         1.0000000        

d       0.13100000E+01         1.0000000        

d       0.33000000E+00         1.0000000        

d       0.08200000E+00         1.0000000        

Ge 32 20 1 1 1 1 1 1 1 1 1 1 1 1 1 1 1 1 1 1 1 1

s       0.36032000E+05         1.0000000        

s       0.72060000E+04         1.0000000        

s       0.18020000E+04         1.0000000        

s       0.45000000E+03         1.0000000        

s       0.11300000E+03         1.0000000        

s       0.35200000E+02         1.00000000       

s       0.70400000E+01         1.00000000       

s       0.17600000E+01         1.00000000       

s       0.44000000E+00         1.00000000       

s       0.11000000E+00         1.00000000       

p       0.35200000E+02         1.00000000       

p       0.70400000E+01         1.00000000       

p       0.17600000E+01         1.00000000       

p       0.44000000E+00         1.00000000       

p       0.11000000E+00         1.00000000       

d       0.35200000E+02         1.0000000        

d       0.70400000E+01         1.0000000        

d       0.17600000E+01         1.0000000        

d       0.44000000E+00         1.0000000        

d       0.11000000E+00         1.0000000        

As 33 20 1 1 1 1 1 1 1 1 1 1 1 1 1 1 1 1 1 1 1 1

s       0.45760000E+05         1.0000000        

s       0.91520000E+04         1.0000000        

s       0.22880000E+04         1.0000000        

s       0.57200000E+03         1.0000000        

s       0.14300000E+03         1.0000000        

s       0.44800000E+02         1.00000000       

s       0.89600000E+01         1.00000000       

s       0.22400000E+01         1.00000000       

s       0.56000000E+00         1.00000000       

s       0.14000000E+00         1.00000000       

p       0.44800000E+02         1.00000000       

p       0.89600000E+01         1.00000000       

p       0.22400000E+01         1.00000000       

p       0.56000000E+00         1.00000000       

p       0.14000000E+00         1.00000000       

d       0.44800000E+02         1.0000000        

d       0.89600000E+01         1.0000000        

d       0.22400000E+01         1.0000000        

d       0.56000000E+00         1.0000000        

d       0.14000000E+00         1.0000000        

Se 34 20 1 1 1 1 1 1 1 1 1 1 1 1 1 1 1 1 1 1 1 1

s       0.52160000E+05         1.0000000        

s       0.10432000E+05         1.0000000        

s       0.26080000E+04         1.0000000        

s       0.65200000E+03         1.0000000        

s       0.16300000E+03         1.0000000        

s       0.51000000E+02         1.00000000       

s       0.10200000E+02         1.00000000       

s       0.25600000E+01         1.00000000       

s       0.64000000E+00         1.00000000       

s       0.16000000E+00         1.00000000       

p       0.51000000E+02         1.00000000       

p       0.10200000E+02         1.00000000       

p       0.25600000E+01         1.00000000       

p       0.64000000E+00         1.00000000       

p       0.16000000E+00         1.00000000       

d       0.51000000E+02         1.0000000        

d       0.10200000E+02         1.0000000        

d       0.25600000E+01         1.0000000        

d       0.64000000E+00         1.0000000        

d       0.16000000E+00         1.0000000        

Br 35 20 1 1 1 1 1 1 1 1 1 1 1 1 1 1 1 1 1 1 1 1

s       0.62480000E+05         1.0000000        

s       0.12496000E+05         1.0000000        

s       0.31230000E+04         1.0000000        

s       0.78100000E+03         1.0000000        

s       0.19500000E+03         1.0000000        

s       0.60800000E+02         1.00000000       

s       0.12200000E+02         1.00000000       

s       0.30400000E+01         1.00000000       

s       0.76000000E+00         1.00000000       

s       0.19000000E+00         1.00000000       

p       0.60800000E+02         1.00000000       

p       0.12200000E+02         1.00000000       

p       0.30400000E+01         1.00000000       

p       0.76000000E+00         1.00000000       

p       0.19000000E+00         1.00000000       

d       0.60800000E+02         1.0000000        

d       0.12200000E+02         1.0000000        

d       0.30400000E+01         1.0000000        

d       0.76000000E+00         1.0000000        

d       0.19000000E+00         1.0000000        

Kr 36 20 1 1 1 1 1 1 1 1 1 1 1 1 1 1 1 1 1 1 1 1

s       0.72320000E+05         1.0000000        

s       0.14464000E+05         1.0000000        

s       0.36160000E+04         1.0000000        

s       0.90400000E+03         1.0000000        

s       0.22600000E+03         1.0000000        

s       0.70500000E+02         1.00000000       

s       0.14100000E+02         1.00000000       

s       0.35200000E+01         1.00000000       

s       0.88000000E+00         1.00000000       

s       0.22000000E+00         1.00000000       

p       0.70500000E+02         1.00000000       

p       0.14100000E+02         1.00000000       

p       0.35200000E+01         1.00000000       

p       0.88000000E+00         1.00000000       

p       0.22000000E+00         1.00000000       

d       0.70500000E+02         1.0000000        

d       0.14100000E+02         1.0000000        

d       0.35200000E+01         1.0000000        

d       0.88000000E+00         1.0000000        

d       0.22000000E+00         1.0000000        

Rb 37 22 1 1 1 1 1 1 1 1 1 1 1 1 1 1 1 1 1 1 1 1 1 1

s       0.40000000E+05         1.0000000        

s       0.82000000E+04         1.0000000        

s       0.20500000E+04         1.0000000        

s       0.51200000E+03         1.0000000        

s       0.12800000E+03         1.0000000        

s       0.03200000E+00         1.00000000       

s       0.40000000E+02         1.00000000       

s       0.80000000E+01         1.00000000       

s       0.20000000E+01         1.00000000       

s       0.51020000E+00         1.00000000       

s       0.12800000E+00         1.00000000       

p       0.03200000E+00         1.00000000       

p       0.40000000E+02         1.00000000       

p       0.80000000E+01         1.00000000       

p       0.20000000E+01         1.00000000       

p       0.51020000E+00         1.00000000       

p       0.12800000E+00         1.00000000       

d       0.40000000E+02         1.0000000        

d       0.80000000E+01         1.0000000        

d       0.20000000E+01         1.0000000        

d       0.51020000E+00         1.0000000        

d       0.12800000E+00         1.0000000        

Sr 38 22 1 1 1 1 1 1 1 1 1 1 1 1 1 1 1 1 1 1 1 1 1 1

s       0.60000000E+05         1.0000000        

s       0.12300000E+05         1.0000000        

s       0.31000000E+04         1.0000000        

s       0.77000000E+03         1.0000000        

s       0.19200000E+03         1.0000000        

s       0.04700000E+00         1.00000000       

s       0.60000000E+02         1.00000000       

s       0.12000000E+02         1.00000000       

s       0.30000000E+01         1.00000000       

s       0.75220000E+00         1.00000000       

s       0.18800000E+00         1.00000000       

p       0.04700000E+00         1.00000000       

p       0.60000000E+02         1.00000000       

p       0.12000000E+02         1.00000000       

p       0.30000000E+01         1.00000000       

p       0.75220000E+00         1.00000000       

p       0.18800000E+00         1.00000000       

d       0.60000000E+02         1.0000000        

d       0.12000000E+02         1.0000000        

d       0.30000000E+01         1.0000000        

d       0.75220000E+00         1.0000000        

d       0.18800000E+00         1.0000000        

Y 39 20 1 1 1 1 1 1 1 1 1 1 1 1 1 1 1 1 1 1 1 1

s       0.12187500E+06         1.0000000        

s       0.20312000E+05         1.0000000        

s       0.40620000E+04         1.0000000        

s       0.81200000E+03         1.0000000        

s       0.16200000E+03         1.0000000        

s       0.39000000E+02         1.00000000       

s       0.65000000E+01         1.00000000       

s       0.13000000E+01         1.00000000       

s       0.26000000E+00         1.00000000       

s       0.05200000E+00         1.00000000       

p       0.39000000E+02         1.00000000       

p       0.65000000E+01         1.00000000       

p       0.13000000E+01         1.00000000       

p       0.26000000E+00         1.00000000       

p       0.05200000E+00         1.00000000       

d       0.39000000E+02         1.0000000        

d       0.65000000E+01         1.0000000        

d       0.13000000E+01         1.0000000        

d       0.26000000E+00         1.0000000        

d       0.05200000E+00         1.0000000        

Zr 40 20 1 1 1 1 1 1 1 1 1 1 1 1 1 1 1 1 1 1 1 1

s       0.13837500E+06         1.0000000        

s       0.23062000E+05         1.0000000        

s       0.46120000E+04         1.0000000        

s       0.92200000E+03         1.0000000        

s       0.18400000E+03         1.0000000        

s       0.44200000E+02         1.00000000       

s       0.73800000E+01         1.00000000       

s       0.14800000E+01         1.00000000       

s       0.29500000E+00         1.00000000       

s       0.05900000E+00         1.00000000       

p       0.44200000E+02         1.00000000       

p       0.73800000E+01         1.00000000       

p       0.14800000E+01         1.00000000       

p       0.29500000E+00         1.00000000       

p       0.05900000E+00         1.00000000       

d       0.44200000E+02         1.0000000        

d       0.73800000E+01         1.0000000        

d       0.14800000E+01         1.0000000        

d       0.29500000E+00         1.0000000        

d       0.05900000E+00         1.0000000        

Nb 41 20 1 1 1 1 1 1 1 1 1 1 1 1 1 1 1 1 1 1 1 1

s       0.15093800E+06         1.0000000        

s       0.25156000E+05         1.0000000        

s       0.50310000E+04         1.0000000        

s       0.10060000E+04         1.0000000        

s       0.20100000E+03         1.0000000        

s       0.48300000E+02         1.00000000       

s       0.80500000E+01         1.00000000       

s       0.16100000E+01         1.00000000       

s       0.32200000E+00         1.00000000       

s       0.06400000E+00         1.00000000       

p       0.48300000E+02         1.00000000       

p       0.80500000E+01         1.00000000       

p       0.16100000E+01         1.00000000       

p       0.32200000E+00         1.00000000       

p       0.06400000E+00         1.00000000       

d       0.48300000E+02         1.0000000        

d       0.80500000E+01         1.0000000        

d       0.16100000E+01         1.0000000        

d       0.32200000E+00         1.0000000        

d       0.06400000E+00         1.0000000        

Mo 42 20 1 1 1 1 1 1 1 1 1 1 1 1 1 1 1 1 1 1 1 1

s       0.16406200E+06         1.0000000        

s       0.27344000E+05         1.0000000        

s       0.54690000E+04         1.0000000        

s       0.10940000E+04         1.0000000        

s       0.21900000E+03         1.0000000        

s       0.52500000E+02         1.00000000       

s       0.87500000E+01         1.00000000       

s       0.17500000E+01         1.00000000       

s       0.35000000E+00         1.00000000       

s       0.07000000E+00         1.00000000       

p       0.52500000E+02         1.00000000       

p       0.87500000E+01         1.00000000       

p       0.17500000E+01         1.00000000       

p       0.35000000E+00         1.00000000       

p       0.07000000E+00         1.00000000       

d       0.52500000E+02         1.0000000        

d       0.87500000E+01         1.0000000        

d       0.17500000E+01         1.0000000        

d       0.35000000E+00         1.0000000        

d       0.07000000E+00         1.0000000        

Tc 43 20 1 1 1 1 1 1 1 1 1 1 1 1 1 1 1 1 1 1 1 1

s       0.17437500E+06         1.0000000        

s       0.29062000E+05         1.0000000        

s       0.58120000E+04         1.0000000        

s       0.11620000E+04         1.0000000        

s       0.23200000E+03         1.0000000        

s       0.55800000E+02         1.00000000       

s       0.93000000E+01         1.00000000       

s       0.18600000E+01         1.00000000       

s       0.37200000E+00         1.00000000       

s       0.07400000E+00         1.00000000       

p       0.55800000E+02         1.00000000       

p       0.93000000E+01         1.00000000       

p       0.18600000E+01         1.00000000       

p       0.37200000E+00         1.00000000       

p       0.07400000E+00         1.00000000       

d       0.55800000E+02         1.0000000        

d       0.93000000E+01         1.0000000        

d       0.18600000E+01         1.0000000        

d       0.37200000E+00         1.0000000        

d       0.07400000E+00         1.0000000        

Ru 44 20 1 1 1 1 1 1 1 1 1 1 1 1 1 1 1 1 1 1 1 1

s       0.18037500E+06         1.0000000        

s       0.30062000E+05         1.0000000        

s       0.60120000E+04         1.0000000        

s       0.12020000E+04         1.0000000        

s       0.24000000E+03         1.0000000        

s       0.57800000E+02         1.00000000       

s       0.96200000E+01         1.00000000       

s       0.19200000E+01         1.00000000       

s       0.38500000E+00         1.00000000       

s       0.07700000E+00         1.00000000       

p       0.57800000E+02         1.00000000       

p       0.96200000E+01         1.00000000       

p       0.19200000E+01         1.00000000       

p       0.38500000E+00         1.00000000       

p       0.07700000E+00         1.00000000       

d       0.57800000E+02         1.0000000        

d       0.96200000E+01         1.0000000        

d       0.19200000E+01         1.0000000        

d       0.38500000E+00         1.0000000        

d       0.07700000E+00         1.0000000        

Rh 45 20 1 1 1 1 1 1 1 1 1 1 1 1 1 1 1 1 1 1 1 1

s       0.18525000E+06         1.0000000        

s       0.30875000E+05         1.0000000        

s       0.61750000E+04         1.0000000        

s       0.12350000E+04         1.0000000        

s       0.24700000E+03         1.0000000        

s       0.59200000E+02         1.00000000       

s       0.98800000E+01         1.00000000       

s       0.19800000E+01         1.00000000       

s       0.39500000E+00         1.00000000       

s       0.07900000E+00         1.00000000       

p       0.59200000E+02         1.00000000       

p       0.98800000E+01         1.00000000       

p       0.19800000E+01         1.00000000       

p       0.39500000E+00         1.00000000       

p       0.07900000E+00         1.00000000       

d       0.59200000E+02         1.0000000        

d       0.98800000E+01         1.0000000        

d       0.19800000E+01         1.0000000        

d       0.39500000E+00         1.0000000        

d       0.07900000E+00         1.0000000        

Pd 46 20 1 1 1 1 1 1 1 1 1 1 1 1 1 1 1 1 1 1 1 1

s       0.18750000E+06         1.0000000        

s       0.31250000E+05         1.0000000        

s       0.62500000E+04         1.0000000        

s       0.12500000E+04         1.0000000        

s       0.25000000E+03         1.0000000        

s       0.60000000E+02         1.00000000       

s       0.10000000E+02         1.00000000       

s       0.20000000E+01         1.00000000       

s       0.40000000E+00         1.00000000       

s       0.08000000E+00         1.00000000       

p       0.60000000E+02         1.00000000       

p       0.10000000E+02         1.00000000       

p       0.20000000E+01         1.00000000       

p       0.40000000E+00         1.00000000       

p       0.08000000E+00         1.00000000       

d       0.60000000E+02         1.0000000        

d       0.10000000E+02         1.0000000        

d       0.20000000E+01         1.0000000        

d       0.40000000E+00         1.0000000        

d       0.08000000E+00         1.0000000        

Ag 47 20 1 1 1 1 1 1 1 1 1 1 1 1 1 1 1 1 1 1 1 1

s       0.18937500E+06         1.0000000        

s       0.31562000E+05         1.0000000        

s       0.63120000E+04         1.0000000        

s       0.12620000E+04         1.0000000        

s       0.25200000E+03         1.0000000        

s       0.60800000E+02         1.00000000       

s       0.10100000E+02         1.00000000       

s       0.20200000E+01         1.00000000       

s       0.40500000E+00         1.00000000       

s       0.08100000E+00         1.00000000       

p       0.60800000E+02         1.00000000       

p       0.10100000E+02         1.00000000       

p       0.20200000E+01         1.00000000       

p       0.40500000E+00         1.00000000       

p       0.08100000E+00         1.00000000       

d       0.60800000E+02         1.0000000        

d       0.10100000E+02         1.0000000        

d       0.20200000E+01         1.0000000        

d       0.40500000E+00         1.0000000        

d       0.08100000E+00         1.0000000        

Cd 48 20 1 1 1 1 1 1 1 1 1 1 1 1 1 1 1 1 1 1 1 1

s       0.22875000E+06         1.0000000        

s       0.38125000E+05         1.0000000        

s       0.76250000E+04         1.0000000        

s       0.15250000E+04         1.0000000        

s       0.30500000E+03         1.0000000        

s       0.73500000E+02         1.00000000       

s       0.12200000E+02         1.00000000       

s       0.24500000E+01         1.00000000       

s       0.49000000E+00         1.00000000       

s       0.09800000E+00         1.00000000       

p       0.73500000E+02         1.00000000       

p       0.12200000E+02         1.00000000       

p       0.24500000E+01         1.00000000       

p       0.49000000E+00         1.00000000       

p       0.09800000E+00         1.00000000       

d       0.73500000E+02         1.0000000        

d       0.12200000E+02         1.0000000        

d       0.24500000E+01         1.0000000        

d       0.49000000E+00         1.0000000        

d       0.09800000E+00         1.0000000        

In 49 20 1 1 1 1 1 1 1 1 1 1 1 1 1 1 1 1 1 1 1 1

s       0.16406200E+06         1.0000000        

s       0.27344000E+05         1.0000000        

s       0.54690000E+04         1.0000000        

s       0.10940000E+04         1.0000000        

s       0.21900000E+03         1.0000000        

s       0.52500000E+02         1.00000000       

s       0.87500000E+01         1.00000000       

s       0.17500000E+01         1.00000000       

s       0.35000000E+00         1.00000000       

s       0.07000000E+00         1.00000000       

p       0.52500000E+02         1.00000000       

p       0.87500000E+01         1.00000000       

p       0.17500000E+01         1.00000000       

p       0.35000000E+00         1.00000000       

p       0.07000000E+00         1.00000000       

d       0.52500000E+02         1.0000000        

d       0.87500000E+01         1.0000000        

d       0.17500000E+01         1.0000000        

d       0.35000000E+00         1.0000000        

d       0.07000000E+00         1.0000000        

Sn 50 20 1 1 1 1 1 1 1 1 1 1 1 1 1 1 1 1 1 1 1 1

s       0.20437500E+06         1.0000000        

s       0.34062000E+05         1.0000000        

s       0.68120000E+04         1.0000000        

s       0.13620000E+04         1.0000000        

s       0.27200000E+03         1.0000000        

s       0.65200000E+02         1.00000000       

s       0.10900000E+02         1.00000000       

s       0.21800000E+01         1.00000000       

s       0.43500000E+00         1.00000000       

s       0.08700000E+00         1.00000000       

p       0.65200000E+02         1.00000000       

p       0.10900000E+02         1.00000000       

p       0.21800000E+01         1.00000000       

p       0.43500000E+00         1.00000000       

p       0.08700000E+00         1.00000000       

d       0.65200000E+02         1.0000000        

d       0.10900000E+02         1.0000000        

d       0.21800000E+01         1.0000000        

d       0.43500000E+00         1.0000000        

d       0.08700000E+00         1.0000000        

Sb 51 20 1 1 1 1 1 1 1 1 1 1 1 1 1 1 1 1 1 1 1 1

s       0.25312500E+06         1.0000000        

s       0.42188000E+05         1.0000000        

s       0.84380000E+04         1.0000000        

s       0.16880000E+04         1.0000000        

s       0.33800000E+03         1.0000000        

s       0.81000000E+02         1.00000000       

s       0.13500000E+02         1.00000000       

s       0.27000000E+01         1.00000000       

s       0.54000000E+00         1.00000000       

s       0.10800000E+00         1.00000000       

p       0.81000000E+02         1.00000000       

p       0.13500000E+02         1.00000000       

p       0.27000000E+01         1.00000000       

p       0.54000000E+00         1.00000000       

p       0.10800000E+00         1.00000000       

d       0.81000000E+02         1.0000000        

d       0.13500000E+02         1.0000000        

d       0.27000000E+01         1.0000000        

d       0.54000000E+00         1.0000000        

d       0.10800000E+00         1.0000000        

Te 52 20 1 1 1 1 1 1 1 1 1 1 1 1 1 1 1 1 1 1 1 1

s       0.29062500E+06         1.0000000        

s       0.48438000E+05         1.0000000        

s       0.96880000E+04         1.0000000        

s       0.19380000E+04         1.0000000        

s       0.38800000E+03         1.0000000        

s       0.93000000E+02         1.00000000       

s       0.15500000E+02         1.00000000       

s       0.31000000E+01         1.00000000       

s       0.62000000E+00         1.00000000       

s       0.12400000E+00         1.00000000       

p       0.93000000E+02         1.00000000       

p       0.15500000E+02         1.00000000       

p       0.31000000E+01         1.00000000       

p       0.62000000E+00         1.00000000       

p       0.12400000E+00         1.00000000       

d       0.93000000E+02         1.0000000        

d       0.15500000E+02         1.0000000        

d       0.31000000E+01         1.0000000        

d       0.62000000E+00         1.0000000        

d       0.12400000E+00         1.0000000        

I 53 20 1 1 1 1 1 1 1 1 1 1 1 1 1 1 1 1 1 1 1 1

s       0.33562500E+06         1.0000000        

s       0.55938000E+05         1.0000000        

s       0.11188000E+05         1.0000000        

s       0.22380000E+04         1.0000000        

s       0.44800000E+03         1.0000000        

s       0.10700000E+03         1.00000000       

s       0.17900000E+02         1.00000000       

s       0.35800000E+01         1.00000000       

s       0.71500000E+00         1.00000000       

s       0.14300000E+00         1.00000000       

p       0.10700000E+03         1.00000000       

p       0.17900000E+02         1.00000000       

p       0.35800000E+01         1.00000000       

p       0.71500000E+00         1.00000000       

p       0.14300000E+00         1.00000000       

d       0.10700000E+03         1.0000000        

d       0.17900000E+02         1.0000000        

d       0.35800000E+01         1.0000000        

d       0.71500000E+00         1.0000000        

d       0.14300000E+00         1.0000000        

Xe 54 20 1 1 1 1 1 1 1 1 1 1 1 1 1 1 1 1 1 1 1 1

s       0.38437500E+06         1.0000000        

s       0.64062000E+05         1.0000000        

s       0.12812000E+05         1.0000000        

s       0.25620000E+04         1.0000000        

s       0.51200000E+03         1.0000000        

s       0.12300000E+03         1.00000000       

s       0.20500000E+02         1.00000000       

s       0.41000000E+01         1.00000000       

s       0.82000000E+00         1.00000000       

s       0.16400000E+00         1.00000000       

p       0.12300000E+03         1.00000000       

p       0.20500000E+02         1.00000000       

p       0.41000000E+01         1.00000000       

p       0.82000000E+00         1.00000000       

p       0.16400000E+00         1.00000000       

d       0.12300000E+03         1.0000000        

d       0.20500000E+02         1.0000000        

d       0.41000000E+01         1.0000000        

d       0.82000000E+00         1.0000000        

d       0.16400000E+00         1.0000000        

