DZP
BASIS:
H 1 3 3 1 1

s      12.98511484             0.0310449        
s       1.95908134             0.2173262        
s       0.44403649             0.7516287        

s       0.11282695             1.0000000        

p       0.80305095             1.0000000        

He 2 3 3 1 1

s      38.38483920             0.0366871        
s       5.77259177             0.2387262        
s       1.24052238             0.7245867        

s       0.2971651              1.0000000        

p       1.3643371              1.0000000        

Li 3 7 6 1 1 1 4 1 1

s    1467.55426442             0.0007642        
s     219.90959664             0.0059761        
s      48.31061694             0.0323452        
s      12.88488293             0.1273631        
s       3.93833592             0.3253596        
s       1.34077556             0.4539207        

s       0.49506113             1.0000000        

s       0.07748193             1.0000000        

s       0.02917883             1.0000000        

p       3.24722245             0.0122361        
p       0.64804185             0.0672413        
p       0.16900956             0.2964133        
p       0.05563182             0.7446554        

p       0.02046171             1.0000000        

d       0.09489967             1.0000000        

Be 4 7 5 2 1 1 4 1 1

s    2155.37917119             0.0019582        
s     320.28940827             0.0153785        
s      71.05837415             0.0804127        
s      19.48182345             0.2967821        
s       6.17741048             0.6990783        

s       2.20597092             0.7492868        
s       0.86172687             0.2814012        

s       0.17377808             1.0000000        

s       0.06285384             1.0000000        

p       7.33478268             0.0146469        
p       1.55456555             0.0856528        
p       0.43041802             0.3351083        
p       0.14301490             0.6983836        

p       0.05065485             1.0000000        

d       0.18014085             1.0000000        

B 5 7 5 2 1 1 4 1 1

s    3361.97459803             0.0020090        
s     514.78214513             0.0150951        
s     116.96106791             0.0774595        
s      32.34846054             0.2897860        
s      10.25182884             0.7073097        

s       3.65314741             0.7488053        
s       1.43768047             0.2814433        

s       0.33137807             1.0000000        

s       0.10568808             1.0000000        

p      12.21701756             0.0170214        
p       2.64732563             0.1041759        
p       0.75597293             0.3637078        
p       0.24111637             0.6661668        

p       0.08058449             1.0000000        

d       0.39184349             1.0000000        

C 6 7 5 2 1 1 4 1 1

s    4949.46032594             0.0019796        
s     758.82582124             0.0148496        
s     172.62336223             0.0762545        
s      47.77742113             0.2872122        
s      15.15140603             0.7104557        

s       5.39400345             0.7530892        
s       2.11083628             0.2771972        

s       0.52460137             1.0000000        

s       0.15964728             1.0000000        

p      18.97219923             0.0179023        
p       4.18721595             0.1114128        
p       1.21388239             0.3744715        
p       0.38698643             0.6513515        

p       0.12406489             1.0000000        

d       0.61467289             1.0000000        

N 7 7 5 2 1 1 4 1 1

s    6711.76398036             0.0019838        
s    1029.56088507             0.0148619        
s     234.62552896             0.0761291        
s      65.08616322             0.2866453        
s      20.68134371             0.7108440        

s       7.35948620             0.7617357        
s       2.86133058             0.2682842        

s       0.75772555             1.0000000        

s       0.22278085             1.0000000        

p      26.95312900             0.0185616        
p       6.01777874             0.1165761        
p       1.76062640             0.3816428        
p       0.56064983             0.6412379        

p       0.17525619             1.0000000        

d       0.89591019             1.0000000        

O 8 7 5 2 1 1 4 1 1

s    8897.19445619             0.0019631        
s    1365.26538810             0.0147021        
s     311.21828724             0.0753808        
s      86.33353862             0.2850876        
s      27.42841118             0.7128153        

s       9.74740298             0.7638180        
s       3.77109950             0.2663418        

s       1.04455407             1.0000000        

s       0.30382295             1.0000000        

p      34.75998468             0.0199871        
p       7.80757529             0.1258380        
p       2.29096903             0.3939784        
p       0.71677956             0.6260029        

p       0.21323853             1.0000000        

d       1.25011953             1.0000000        

F 9 7 5 2 1 1 4 1 1

s   11245.07427445             0.0019652        
s    1726.97986029             0.0146954        
s     394.23268791             0.0752159        
s     109.51217360             0.2845740        
s      34.82122553             0.7132967        

s      12.36386969             0.7685930        
s       4.75744942             0.2615091        

s       1.37400143             1.0000000        

s       0.39513873             1.0000000        

p      43.98233925             0.0210055        
p       9.94469246             0.1318566        
p       2.93406079             0.4006829        
p       0.91404725             0.6160201        

p       0.26664491             1.0000000        

d       1.68949991             1.0000000        

Ne 10 7 5 2 1 1 4 1 1

s   13940.69029299             0.0019579        
s    2140.70795406             0.0146428        
s     488.75826908             0.0749541        
s     135.80780025             0.2840121        
s      43.19262691             0.7139707        

s      15.32362673             0.7714811        
s       5.86934944             0.2586592        

s       1.74282774             1.0000000        

s       0.49603479             1.0000000        

p      54.67816613             0.0216160        
p      12.42660380             0.1355692        
p       3.67954925             0.4046754        
p       1.14375027             0.6098510        

p       0.32941012             1.0000000        

d       2.22806812             1.0000000        

Na 11 12 5 2 1 1 1 1 1 6 1 1 1 1

s   16553.56559413             0.0027214        
s    2940.47406221             0.0168554        
s     767.36004763             0.0691149        
s     251.77588539             0.2358878        
s      82.04765196             0.7555330        

s       2.83870950             0.3555034        
s       1.07750033             0.6815814        

s      27.62077565             1.0000000        

s      10.11667327             1.0000000        

s       0.39112996             1.0000000        

s       0.11728961             1.0000000        

s       0.03434895             1.0000000        

p     167.60332052             0.0042337        
p      40.45539463             0.0292132        
p      13.02408063             0.1194269        
p       4.57131084             0.3142467        
p       1.60351806             0.4611636        
p       0.56247983             0.3057939        

p       0.19730589             1.0000000        

p       0.06921069             1.0000000        

p       0.02427763             1.0000000        

d       0.0654538              1.0000000        

Mg 12 12 5 2 1 1 1 1 1 6 1 1 1 1

s   29634.03849710             0.0018130        
s    4504.26738086             0.0137049        
s    1038.91119479             0.0690883        
s     297.14294180             0.2627833        
s      97.64415398             0.7344087        

s       1.64696724             0.6801814        
s       0.67317558             0.3516665        

s      35.42090950             1.0000000        

s      13.59888828             1.0000000        

s       3.91380244             1.0000000        

s       0.10033811             1.0000000        

s       0.04064399             1.0000000        

p     290.98023692             0.0025759        
p      67.06269532             0.0210321        
p      20.56701130             0.0976008        
p       7.30763410             0.2710002        
p       2.78482554             0.4323721        
p       1.10006315             0.3758804        

p       0.44134987             1.0000000        

p       0.12742513             1.0000000        

p       0.04092091             1.0000000        

d       0.10301691             1.0000000        

Al 13 12 5 2 1 1 1 1 1 6 1 1 1 1

s   46957.58327979             0.0015703        
s    7131.42935572             0.0119042        
s    1639.24405227             0.0610161        
s     461.98153874             0.2451772        
s     147.56803267             0.7582762        

s       2.65572629             0.5927811        
s       1.02794270             0.4462289        

s      51.68864162             1.0000000        

s      19.3185704              1.0000000        

s       6.48439779             1.0000000        

s       0.15930849             1.0000000        

s       0.06434819             1.0000000        

p     371.91997268             0.0023667        
p      86.61876761             0.0192106        
p      26.95939792             0.0896040        
p       9.71901810             0.2567865        
p       3.76228615             0.4314477        
p       1.50816965             0.3915882        

p       0.60713936             1.0000000        

p       0.19343206             1.0000000        

p       0.05818341             1.0000000        

d       0.20240321             1.0000000        

Si 14 12 5 2 1 1 1 1 1 6 1 1 1 1

s   57033.21769392             0.0016413        
s    8843.88412077             0.0120125        
s    2088.57468603             0.0594785        
s     598.43608250             0.2391345        
s     191.07432559             0.7643206        

s       3.47202417             0.5666502        
s       1.33983034             0.4730961        

s      66.41276014             1.0000000        

s      24.78817669             1.0000000        

s       9.06048206             1.0000000        

s       0.22611668             1.0000000        

s       0.09013222             1.0000000        

p     597.87121497             0.0014933        
p     140.08844965             0.0125126        
p      43.72342316             0.0630620        
p      15.68022991             0.2080941        
p       6.05325924             0.4183576        
p       2.40938438             0.4677440        

p       0.97018332             1.0000000        

p       0.28836719             1.0000000        

p       0.08685517             1.0000000        

d       0.28065207             1.0000000        

P 15 12 5 2 1 1 1 1 1 6 1 1 1 1

s   77974.00242233             0.0015060        
s   12089.93860872             0.0110679        
s    2831.85299912             0.0559195        
s     797.63499030             0.2332770        
s     250.54065009             0.7733769        

s       4.43394852             0.5354613        
s       1.70489853             0.5048774        

s      86.36613722             1.0000000        

s      32.43586281             1.0000000        

s      12.80997230             1.0000000        

s       0.29955004             1.0000000        

s       0.11847108             1.0000000        

p     698.58617725             0.0014804        
p     164.42668315             0.0123353        
p      51.58304203             0.0622774        
p      18.54027938             0.2076459        
p       7.14211567             0.4234404        
p       2.83069610             0.4637070        

p       1.13094785             1.0000000        

p       0.37464227             1.0000000        

p       0.11564729             1.0000000        

d       0.37291129             1.0000000        

S 16 12 5 2 1 1 1 1 1 6 1 1 1 1

s   88298.52965731             0.0015640        
s   13783.75049251             0.0113393        
s    3273.99080251             0.0560386        
s     933.93904998             0.2316597        
s     294.47682844             0.7741969        

s       5.19930244             0.5358943        
s       2.03425969             0.5030658        

s     101.30556573             1.0000000        

s      37.95800089             1.0000000        

s      15.05040359             1.0000000        

s       0.3877228              1.0000000        

s       0.15157298             1.0000000        

p     759.75242297             0.0015904        
p     180.00565026             0.0130592        
p      56.73558346             0.0654404        
p      20.36270362             0.2174699        
p       7.76216777             0.4371852        
p       3.02062956             0.4418127        

p       1.11706212             1.0000000        

p       0.41415858             1.0000000        

p       0.12911675             1.0000000        

d       0.47158905             1.0000000        

Cl 17 12 5 2 1 1 1 1 1 6 1 1 1 1

s  123346.03036366             0.0013572        
s   18844.37101427             0.0102545        
s    4312.76103972             0.0537140        
s    1191.77811092             0.2298056        
s     371.56406092             0.7788163        

s      48.83240417             0.7235887        
s      19.99833925             0.3057928        

s     128.42562800             1.0000000        

s       6.35517331             1.0000000        

s       2.48786095             1.0000000        

s       0.56465027             1.0000000        

s       0.20202039             1.0000000        

p     815.25967510             0.0017567        
p     191.38682651             0.0146465        
p      59.88017268             0.0732173        
p      21.46131474             0.2363034        
p       8.19423000             0.4495731        
p       3.20715125             0.4055242        

p       1.10810134             1.0000000        

p       0.4232917              1.0000000        

p       0.13969455             1.0000000        

d       0.58736175             1.0000000        

Ar 18 12 5 2 1 1 1 1 1 6 1 1 1 1

s  138627.59405679             0.0013713        
s   21212.21893190             0.0103320        
s    4867.08226473             0.0539172        
s    1348.69501423             0.2299593        
s     421.63085977             0.7783123        

s      55.71724761             0.7173480        
s      22.88371461             0.3122166        

s     146.12790137             1.0000000        

s       7.31344988             1.0000000        

s       2.89776121             1.0000000        

s       0.68299546             1.0000000        

s       0.24193412             1.0000000        

p     942.67742464             0.0017160        
p     219.63986953             0.0145761        
p      68.42876014             0.0735443        
p      24.55728205             0.2375366        
p       9.43530598             0.4505252        
p       3.73443328             0.4009188        

p       1.30151971             1.0000000        

p       0.49356584             1.0000000        

p       0.16428157             1.0000000        

d       0.71707157             1.0000000        

K 19 15 6 2 2 1 1 1 1 1 5 2 2 1 1 1 1

s  354250.51554442             0.0003827        
s   53854.37640454             0.0029362        
s   12361.19110871             0.0151389        
s    3445.95204884             0.0668451        
s    1075.55466155             0.2434180        
s     366.57318135             0.7481101        

s      53.90620772            -0.7932799        
s      22.59813682            -0.2298728        

s       0.82054226             0.5306917        
s       0.31988212             0.5085753        

s     135.48092087             1.0000000        

s       8.09786395             1.0000000        

s       3.30498804             1.0000000        

s       0.03541744             1.0000000        

s       0.01646326             1.0000000        

p    1946.44474784             0.0014962        
p     452.89552783             0.0133341        
p     141.6424159              0.0740685        
p      51.27822241             0.2843522        
p      20.33849456             0.7221256        

p       8.46124031             0.6203083        
p       3.6236219              0.4307939        

p       0.54002461             0.7071900        
p       0.20222716             0.3539737        

p       4.07492726             1.0000000        

p       1.37014733             1.0000000        

p       0.04471633             1.0000000        

d       0.06287033             1.0000000        

Ca 20 15 6 2 2 1 1 1 1 1 7 1 1 1 1 1 1

s  342873.48752706             0.0004017        
s   51476.52750584             0.0031151        
s   11677.47597575             0.0165030        
s    3249.0785960              0.0708977        
s    1023.59401338             0.2559086        
s     353.94550955             0.7321324        

s     132.58158776             0.5188182        
s      53.05210998             0.5188182        

s       1.0075480             -0.5038418        
s       0.4137819             -0.5313941        

s      21.64836098             1.0000000        

s       8.67787856             1.0000000        

s       3.66171887             1.0000000        

s       0.06314221             1.0000000        

s       0.03464264             1.0000000        

p    2005.15067761             0.0006882        
p     476.97128318             0.0058200        
p     154.07909113             0.0303410        
p      57.6177515              0.1116679        
p      23.4155108              0.2810741        
p       9.90679919             0.4362802        
p       4.29506216             0.3147222        

p       1.66830198             1.0000000        

p       0.67645751             1.0000000        

p       0.30054753             1.0000000        

p       0.11678902             1.0000000        

p       0.0521960              1.0000000        

d       0.1020280              1.0000000        

Sc 21 17 6 2 2 1 1 1 1 1 4 2 3 1 1 1 4 1 1

s  348385.79779449             0.0004500        
s   53583.94703134             0.0033336        
s   12685.05430358             0.0164749        
s    3673.88065898             0.0681367        
s    1172.4891803              0.2489506        
s     400.60028979             0.7408519        

s       9.39283333             0.4636161        
s       4.02702612             0.5681398        

s       1.16226225            -0.5228683        
s       0.4751614             -0.5127462        

s     146.88113814             1.0000000        

s      57.46823922             1.0000000        

s      22.42495234             1.0000000        

s       0.0733227              1.0000000        

s       0.03921343             1.0000000        

p    1883.80437677             0.0053155        
p     448.06013767             0.0445340        
p     144.48948326             0.2278196        
p      54.13051204             0.7982670        

p      22.17183477             0.4464205        
p       9.5579458              0.6044957        

p       1.74066243             0.3797023        
p       0.71936088             0.5305983        
p       0.28209021             0.1951041        

p       4.26468621             1.0000000        

p       1.7415200              1.0000000        

p       0.0844900              1.0000000        

d      18.63714134             0.0346509        
d       4.95612503             0.1744059        
d       1.60515624             0.4308630        
d       0.52498413             0.5908583        

d       0.1538763              1.0000000        

f       0.2943800              1.0000000        

Ti 22 17 6 2 2 1 1 1 1 1 7 1 1 1 1 1 4 1 1

s  385301.69222246             0.0004500        
s   59323.92771893             0.0033267        
s   14064.84349879             0.0164129        
s    4078.78819893             0.0677857        
s    1301.34456649             0.2485329        
s     444.0283981              0.7415843        

s      10.45013887             0.4711618        
s       4.50423795             0.5603072        

s       1.32354166            -0.5272656        
s       0.5377499             -0.5088105        

s     162.58867802             1.0000000        

s      63.56739958             1.0000000        

s      24.82100087             1.0000000        

s       0.08137562             1.0000000        

s       0.04115116             1.0000000        

p    2559.05926884             0.0006515        
p     610.20486959             0.0055017        
p     196.91625188             0.0291583        
p      73.26951196             0.1098638        
p      29.64909197             0.2825141        
p      12.56236395             0.4392417        
p       5.4875197              0.3107111        

p       3.1047353              1.0000000        

p       2.16766734             1.0000000        

p       0.88630992             1.0000000        

p       0.34224764             1.0000000        

p       0.08559594             1.0000000        

d      23.31288302             0.0326225        
d       6.28634039             0.1692813        
d       2.05836409             0.4308677        
d       0.68233509             0.5910826        

d       0.20474386             1.0000000        

f       0.5744190              1.0000000        

V 23 17 6 2 2 1 1 1 1 1 4 2 3 1 1 1 4 1 1

s  300243.5282168              0.0005213        
s   45865.36098526             0.0039190        
s   10717.01930773             0.0196347        
s    3097.70895578             0.0793716        
s    1013.27602577             0.2671050        
s     360.63861931             0.7116350        

s       8.12492165             0.7159900        
s       3.78649374             0.3059472        

s       1.38924563            -0.5912163        
s       0.56410864            -0.4441491        

s     137.43640138             1.0000000        

s      54.75078905             1.0000000        

s      17.23458694             1.0000000        

s       0.09015635             1.0000000        

s       0.04389994             1.0000000        

p    2305.79869609             0.0052958        
p     549.29504282             0.0443166        
p     177.64297522             0.2269866        
p      66.76800057             0.7987560        

p      27.44610493             0.4472250        
p      11.89730461             0.6030966        

p       2.2151851              0.3961830        
p       0.92000779             0.5219375        
p       0.36090735             0.1863091        

p       5.3427376              1.0000000        

p       2.0287000              1.0000000        

p       0.1056510              1.0000000        

d      27.21846737             0.0324343        
d       7.41444401             0.1700306        
d       2.45041106             0.4329108        
d       0.82085251             0.5859401        

d       0.24846171             1.0000000        

f       0.85941251             1.0000000        

Cr 24 17 6 2 2 1 1 1 1 1 4 2 3 1 1 1 4 1 1

s  295305.79172778             0.0005975        
s   45679.13454205             0.0043891        
s   10927.77119576             0.0210977        
s    3260.3423877              0.0815071        
s    1096.27407065             0.2669212        
s     396.52413555             0.7076262        

s       9.21553258             0.7076899        
s       4.28774028             0.3146966        

s       1.53482137             0.5962173        
s       0.60335602             0.4415058        

s     152.09728223             1.0000000        

s      60.69377179             1.0000000        

s      19.41838279             1.0000000        

s       0.08677936             1.0000000        

s       0.03934524             1.0000000        

p    2391.08612048             0.0053886        
p     569.41244296             0.0450544        
p     184.0208108              0.2295383        
p      69.20892323             0.7961354        

p      28.47161846             0.4610289        
p      12.37007797             0.5894249        

p       2.32929193             0.4247771        
p       0.96054612             0.5061222        
p       0.37038137             0.1754156        

p       5.56401765             1.0000000        

p       2.2406260              1.0000000        

p       0.1991350              1.0000000        

d      27.28337622             0.0374429        
d       7.39588097             0.1897599        
d       2.41167687             0.4470294        
d       0.77550289             0.5662688        

d       0.21510596             1.0000000        

f       1.1958954              1.0000000        

Mn 25 17 6 2 2 1 1 1 1 1 6 2 1 1 1 1 4 1 1

s  324800.75972747             0.0005347        
s   49815.77801891             0.0039930        
s   11669.72288637             0.0199778        
s    3372.90759039             0.0805874        
s    1100.30092567             0.2711435        
s     390.38958292             0.7071575        

s     148.51623731            -0.6127940        
s      59.3163868             -0.4232863        

s       2.6848903             -0.1719646        
s       1.27646153            -0.8418945        

s      18.33765831             1.0000000        

s       7.87765112             1.0000000        

s       0.53598316             1.0000000        

s       0.09996169             1.0000000        

s       0.03776661             1.0000000        

p    3112.74202007             0.0009638        
p     760.26549002             0.0075998        
p     254.98860271             0.0379620        
p      96.96252067             0.1419372        
p      39.54225349             0.3689039        
p      16.82306604             0.5708001        

p       1.21456621             0.7491240        
p       0.47261267             0.3029900        

p       7.39740537             1.0000000        

p       2.96572506             1.0000000        

p       0.26500334             1.0000000        

p       0.09488727             1.0000000        

d      30.74444238             0.0501872        
d       8.21420598             0.2540780        
d       2.84217461             0.5019955        
d       1.31838075             0.3844263        

d       0.50595015             1.0000000        

f       0.28451417             1.0000000        

Fe 26 17 6 2 2 1 1 1 1 1 4 2 3 1 1 1 4 1 1

s  461969.33436343             0.0004899        
s   71367.29880372             0.0036083        
s   16995.41790911             0.0175940        
s    4979.71605444             0.0712335        
s    1614.97097122             0.2523245        
s     558.95466347             0.7339369        

s      12.96164017             0.5998291        
s       5.91093416             0.4271243        

s       1.96904431            -0.5715349        
s       0.7820924             -0.4658774        

s     206.05345244             1.0000000        

s      79.99111049             1.0000000        

s      27.14149817             1.0000000        

s       0.11237496             1.0000000        

s       0.05064156             1.0000000        

p    3196.09469313             0.0050055        
p     759.98366038             0.0423674        
p     244.90627978             0.2220015        
p      91.6279479              0.8044702        

p      37.53954608             0.4429414        
p      16.27048292             0.6072588        

p       3.05279952             0.4081149        
p       1.26717782             0.5154507        
p       0.49472366             0.1811243        

p       7.31677823             1.0000000        

p       2.6875400              1.0000000        

p       0.1355900              1.0000000        

d      38.42700436             0.0339693        
d      10.64378208             0.1800028        
d       3.55993588             0.4426559        
d       1.19429286             0.5679553        

d       0.35558573             1.0000000        

f       1.81278863             1.0000000        

Co 27 17 6 2 2 1 1 1 1 1 4 2 3 1 1 1 4 1 1

s  448380.14006766             0.0005515        
s   69769.92223549             0.0040587        
s   16844.17376055             0.0189092        
s    5083.02833312             0.0742243        
s    1712.78359629             0.2438787        
s     604.73519235             0.7368687        

s      24.66582741             0.2653317        
s      11.06275352             0.7566751        

s       1.6965260             -0.7598665        
s       0.68193543            -0.2682420        

s     221.13353432             1.0000000        

s      83.54464808             1.0000000        

s       4.45475532             1.0000000        

s       0.31047897             1.0000000        

s       0.09113816             1.0000000        

p    2828.45930124             0.0071779        
p     712.48572115             0.0509921        
p     252.59084804             0.2268398        
p     100.02717572             0.7890695        

p      41.13209676             0.4335720        
p      16.99657041             0.6216773        

p       2.48622373             0.6987635        
p       1.31214794            -0.4396359        
p       1.0043108              0.8195801        

p       7.10134495             1.0000000        

p       0.64860598             1.0000000        

p       0.1777710              1.0000000        

d      42.58404959             0.0342792        
d      11.8281787              0.1825227        
d       3.96375702             0.4454536        
d       1.32459918             0.5638653        

d       0.39003636             1.0000000        

f       2.01884004             1.0000000        

Ni 28 17 6 2 2 1 1 1 1 1 4 2 3 1 1 1 4 1 1

s  278445.52629893             0.0007714        
s   43814.51496987             0.0055020        
s   10779.72874652             0.0250448        
s    3349.70776777             0.0904198        
s    1165.8551803              0.2794099        
s     432.73087195             0.6844395        

s     169.00438146            -0.6422390        
s      68.86085546            -0.3914138        

s       1.37165661            -0.8088831        
s       0.59655145            -0.2111987        

s      22.22360487             1.0000000        

s       9.4883189              1.0000000        

s       2.9643469              1.0000000        

s       0.1072239              1.0000000        

s       0.03626922             1.0000000        

p    3260.65467335             0.0062548        
p     803.70337636             0.0476408        
p     275.18580532             0.2241044        
p     106.71205448             0.7958288        

p      43.92347484             0.4442091        
p      18.83048854             0.6072554        

p       3.55118605             0.4294584        
p       1.47719646             0.5055800        
p       0.57755008             0.1678156        

p       8.36725652             1.0000000        

p       2.89625879             1.0000000        

p       0.15816057             1.0000000        

d      46.31330852             0.0355571        
d      12.96343937             0.1870017        
d       4.3928259              0.4455381        
d       1.48994649             0.5568191        

d       0.44101185             1.0000000        

f       2.52918191             1.0000000        

Cu 29 17 4 2 2 2 2 1 1 1 4 2 3 1 1 1 4 1 1

s  313264.6119074              0.0059246        
s   48393.25759622             0.0429880        
s   11479.79228103             0.2143169        
s    3384.61235923             0.8052334        

s    1137.39282708             0.3124483        
s     420.02333059             0.7239332        

s     168.05814116            -0.6309119        
s      71.30338905            -0.4002265        

s      23.99018809             0.4260083        
s      10.50131154             0.6036532        

s       1.80862431            -0.7823444        
s       0.75612558            -0.2417990        

s       3.8198126              1.0000000        

s       0.10764031             1.0000000        

s       0.04158824             1.0000000        

p    3873.61970711             0.0050170        
p     920.27679219             0.0425634        
p     296.24894498             0.2231937        
p     110.87219054             0.8033346        

p      45.50466094             0.4561220        
p      19.80898271             0.5939841        

p       3.78063332             0.4385879        
p       1.56185032             0.4996083        
p       0.59880914             0.1672822        

p       8.93265073             1.0000000        

p       3.4835000              1.0000000        

p       0.2951600              1.0000000        

d      47.14549465             0.0385806        
d      13.10955824             0.1999798        
d       4.35166717             0.4566326        
d       1.4074933              0.5461707        

d       0.37796216             1.0000000        

f       2.64507327             1.0000000        

Zn 30 17 6 2 2 1 1 1 1 1 4 2 3 1 1 1 4 1 1

s  373543.86255941             0.0005783        
s   56727.57997819             0.0043933        
s   13081.12588764             0.0224525        
s    3727.98735975             0.0907411        
s    1216.59937055             0.2912870        
s     440.73888329             0.6783863        

s     174.73329022            -0.6696435        
s      74.15647022            -0.3600951        

s       1.84961148            -0.7368380        
s       0.81427863            -0.2873397        

s      25.38969133             1.0000000        

s      11.07141354             1.0000000        

s       3.82890916             1.0000000        

s       0.15111613             1.0000000        

s       0.05589292             1.0000000        

p    4527.80074425             0.0054676        
p    1099.50095028             0.0441856        
p     366.25802877             0.2210996        
p     141.17061157             0.8012277        

p      58.80659616             0.4152712        
p      25.59664299             0.6334214        

p       4.68101497             0.3858329        
p       1.92238841             0.5255643        
p       0.73612619             0.1976708        

p      11.45429373             1.0000000        

p       0.2143200              1.0000000        

p       0.0551800              1.0000000        

d      55.87645811             0.0352039        
d      15.69118013             0.1884786        
d       5.2910676              0.4498730        
d       1.7671959              0.5545670        

d       0.51172438             1.0000000        

f       3.13654236             1.0000000        

Ga 31 17 6 2 2 1 1 1 1 1 5 3 1 1 1 1 4 1 1

s  910353.71566745             0.0004026        
s  137852.17230261             0.0031038        
s   31689.11897479             0.0159605        
s    8933.43848474             0.0689174        
s    2835.20534705             0.2459598        
s     981.49047826             0.7426186        

s     147.90538165            -0.7847881        
s      62.90174922            -0.2381596        

s       3.22249134            -0.5185809        
s       1.29005447            -0.5186391        

s     367.46489995             1.0000000        

s      24.44683429             1.0000000        

s      10.56759677             1.0000000        

s       0.19323696             1.0000000        

s       0.08052745             1.0000000        

p    5119.9901772              0.0015489        
p    1199.59676171             0.0137000        
p     378.55809198             0.0759438        
p     138.6311328              0.2898546        
p      55.82951628             0.7136929        

p       4.52204516             0.4299431        
p       1.90947137             0.5061829        
p       0.7877327              0.1594498        

p      23.94723873             1.0000000        

p      10.69231825             1.0000000        

p       0.3682581              1.0000000        

p       0.08694155             1.0000000        

d      62.59260023             0.0345432        
d      17.74323225             0.1860918        
d       6.07340934             0.4473261        
d       2.08773021             0.5524037        

d       0.64478621             1.0000000        

f       3.6411400              1.0000000        

Ge 32 17 6 2 2 1 1 1 1 1 5 3 1 1 1 1 4 1 1

s  983203.98198795             0.0004046        
s  148884.75624252             0.0031067        
s   34226.12267125             0.0159724        
s    9643.77118891             0.0686540        
s    3059.33370497             0.2463945        
s    1059.26353125             0.7423853        

s     160.078452555           -0.7717024        
s      68.36825261            -0.2520336        

s       3.55246244            -0.5029727        
s       1.45386316            -0.5325354        

s     396.96955591             1.0000000        

s      26.44973557             1.0000000        

s      11.45822952             1.0000000        

s       0.24542733             1.0000000        

s       0.1042528              1.0000000        

p    5620.18196367             0.0015201        
p    1320.14433527             0.0133668        
p     417.83180472             0.0741983        
p     153.2691709              0.2860640        
p      61.75605884             0.7183164        

p       4.96267131             0.4346393        
p       2.09154137             0.5121139        
p       0.86464919             0.1462544        

p      26.48177927             1.0000000        

p      11.82280693             1.0000000        

p       0.37667865             1.0000000        

p       0.10335204             1.0000000        

d      71.65615359             0.0325439        
d      20.44466131             0.1792879        
d       7.06830748             0.4430766        
d       2.4783720              0.5573665        

d       0.7954723              1.0000000        

f       4.2249999              1.0000000        

As 33 17 6 2 2 1 1 1 1 1 5 3 1 1 1 1 4 1 1

s  1029997.20547216            0.0004263        
s  156438.88003412             0.0032086        
s   36755.77538087             0.0160466        
s   10502.1169947              0.0680073        
s    3349.89175211             0.2456002        
s    1158.44597084             0.7434092        

s     173.9347473             -0.7559125        
s      74.36392944            -0.2688186        

s       3.88935992            -0.4910685        
s       1.62509534            -0.5428292        

s     432.4845362              1.0000000        

s      28.51231096             1.0000000        

s      12.37029703             1.0000000        

s       0.30041106             1.0000000        

s       0.12797089             1.0000000        

p    6124.05008032             0.0015038        
p    1440.86559375             0.0131881        
p     457.19417962             0.0731624        
p     168.09304172             0.2834120        
p      67.84567362             0.7211646        

p       5.42841765             0.4372285        
p       2.28268099             0.5193862        
p       0.93339038             0.1344987        

p      29.12154463             1.0000000        

p      13.00608164             1.0000000        

p       0.43346024             1.0000000        

p       0.12651886             1.0000000        

d      81.15476975             0.0307958        
d      23.27490232             0.1735061        
d       8.10185523             0.4397641        
d       2.88525653             0.5616390        

d       0.95168913             1.0000000        

f       4.82609999             1.0000000        

Se 34 17 6 2 2 1 1 1 1 1 5 3 1 1 1 1 4 1 1

s  1049998.04204542            0.0004570        
s  161630.79841489             0.0033362        
s   38887.49430728             0.0162278        
s   11268.77322584             0.0678358        
s    3616.55267796             0.2456942        
s    1252.21939988             0.7430686        

s     187.83397379            -0.7426890        
s      80.44824572            -0.2827645        

s       4.23990611             0.4811384        
s       1.80536551             0.5513026        

s     467.21308647             1.0000000        

s      30.65255819             1.0000000        

s      13.32551602             1.0000000        

s       0.35952929             1.0000000        

s       0.15226684             1.0000000        

p    6795.42739846             0.0014617        
p    1603.35232898             0.0127626        
p     510.45029628             0.0708967        
p     187.96529793             0.2780739        
p      75.79015356             0.7275754        

p       5.91418189             0.4445375        
p       2.45386524             0.5294920        
p       0.95515833             0.1168455        

p      32.42275018             1.0000000        

p      14.41823039             1.0000000        

p       0.49942204             1.0000000        

p       0.14386045             1.0000000        

d      91.11974114             0.0293535        
d      26.24594492             0.1683310        
d       9.20573794             0.4360411        
d       3.32069345             0.5662714        

d       1.1188873              1.0000000        

f       5.44729999             1.0000000        

Br 35 17 6 2 2 1 1 1 1 1 5 3 1 1 1 1 4 1 1

s  1051997.6346165             0.0004559        
s  160557.00375084             0.0033928        
s   38450.98592697             0.0163547        
s   11148.85226025             0.0689987        
s    3587.74099199             0.2437250        
s    1245.06968323             0.7438933        

s     186.63699074             0.8019787        
s      78.96784246             0.2200055        

s       4.56722273             0.4835782        
s       1.97688079             0.5477094        

s     465.06497818             1.0000000        

s      31.76088542             1.0000000        

s      13.94753429             1.0000000        

s       0.42262863             1.0000000        

s       0.17741713             1.0000000        

p    6378.04051122             0.0015309        
p    1492.18000867             0.0136029        
p     467.96186092             0.0764931        
p     170.05324693             0.2939343        
p      68.05309742             0.7106452        

p       5.48298454            -0.5204184        
p       2.30791553            -0.4908821        
p       0.81091536            -0.0698598        

p      29.07098077             1.0000000        

p      12.82538078             1.0000000        

p       0.5611737              1.0000000        

p       0.16242487             1.0000000        

d     107.39232903             0.0256775        
d      30.97428393             0.1547964        
d      10.87211425             0.4266913        
d       3.94049349             0.5843456        

d       1.33800926             1.0000000        

f       6.14739999             1.0000000        

Kr 36 17 6 2 2 1 1 1 1 1 6 2 1 1 1 1 4 1 1

s  1088999.64660512            0.0005085        
s  171334.63717017             0.0035293        
s   42719.50564953             0.0165738        
s   12563.3679808              0.0683262        
s    4067.28823097             0.2471856        
s    1414.77675441             0.7406236        

s     214.10770322            -0.7267017        
s      92.22255109            -0.2993359        

s       4.99624235             0.4635256        
s       2.19789239             0.5664219        

s     530.17308767             1.0000000        

s      35.09824557             1.0000000        

s      15.33192352             1.0000000        

s       0.48721585             1.0000000        

s       0.20388527             1.0000000        

p    7502.57287634             0.0007777        
p    1765.11352791             0.0068307        
p     560.41896165             0.0380519        
p     206.18913192             0.1485768        
p      83.21283239             0.3835574        
p      35.67589014             0.5510008        

p       2.74653294            -0.8700932        
p       0.9826322             -0.1690551        

p      15.89079763             1.0000000        

p       6.58243178             1.0000000        

p       0.60298415             1.0000000        

p       0.17789351             1.0000000        

d     112.32378219             0.0270328        
d      32.5753767              0.1602438        
d      11.54346822             0.4306893        
d       4.24777292             0.5731356        

d       1.47526792             1.0000000        

f       6.8850900              1.0000000        

Rb 37 16 8 2 2 2 2 1 1 1 7 2 3 1 1 1 5 1

s  1859845.62249653            0.0001617        
s  399767.33236293             0.0006632        
s  129981.60190099             0.0024667        
s   43888.81234517             0.0088319        
s   16948.64772502             0.0251634        
s    6745.99144379             0.0819038        
s    2522.13942600             0.2664831        
s     945.94756233             0.6966664        

s     369.80598607            -0.5683129        
s     149.61856848            -0.4677344        

s      23.08401270             0.8229065        
s      10.43332922             0.1943568        

s       4.07341931             0.6646984        
s       1.70482127             0.3661939        

s       0.61211073             0.5727680        
s       0.23036850             0.4688838        

s      48.97818738             1.0000000        

s       0.03343568             1.0000000        

s       0.01645421             1.0000000        

p   10099.59691782             0.0004519        
p    2546.23067176             0.0034794        
p     925.06517275             0.0140956        
p     397.88271556             0.0524649        
p     165.84753682             0.1803093        
p      70.35232805             0.4045797        
p      30.97285152             0.4847367        

p       6.05296461            -0.5903062        
p       2.64070479            -0.4596488        

p       0.94994393             0.2678029        
p       0.42776265             0.5285648        
p       0.17378916             0.3036585        

p      13.76306510             1.0000000        

p       0.0279673              1.0000000        

p       0.0116646              1.0000000        

d     131.46467706             0.0198820        
d      38.15733940             0.1236466        
d      13.51808400             0.3539931        
d       4.98610435             0.4984333        
d       1.74825724             0.2746774        

d       0.3776200              1.0000000        

Sr 38 16 8 2 2 2 2 1 1 1 7 2 3 1 1 1 5 1

s  2202166.8060046             0.0001473        
s  448780.72606811             0.0006885        
s  140032.81276699             0.0024250        
s   50340.79398131             0.0079973        
s   19098.16420792             0.0257323        
s    7332.10944150             0.0831738        
s    2758.82083157             0.2647933        
s    1042.56515337             0.6968605        

s     407.84843708            -0.5553060        
s     164.08625052            -0.4813344        

s      25.69930424            -0.8187003        
s      10.89346673            -0.2018231        

s       4.74641549            -0.6102774        
s       1.86190920            -0.4272436        

s       1.13394619             0.2333623        
s       0.26412427             0.8240825        

s      54.65664999             1.0000000        

s       0.54067548             1.0000000        

s       0.03752852             1.0000000        

p   11898.71582922             0.0003961        
p    2945.67627303             0.0029748        
p    1071.35493445             0.0130658        
p     437.31547128             0.0522163        
p     181.31852092             0.1759431        
p      77.31494654             0.3998115        
p      34.33125646             0.4927216        

p       6.78187489            -0.5798877        
p       2.99708547            -0.4688406        

p       1.16524126             0.2386464        
p       0.50869254             0.6001304        
p       0.20199715             0.2532944        

p      15.52810758             1.0000000        

p       0.0211686              1.0000000        

p       0.0446713              1.0000000        

d     142.00731665             0.0197693        
d      41.21237723             0.1239851        
d      14.66749620             0.3547720        
d       5.47304102             0.4970154        
d       1.95812282             0.2696556        

d       0.3689100              1.0000000        

Y 39 18 8 2 2 2 2 1 1 1 7 2 3 1 1 1 6 1 1 1

s  2522141.32102006            0.0001405        
s  449156.29990432             0.0007042        
s  151720.17645280             0.0022358        
s   51855.44354044             0.0084949        
s   18689.66232941             0.0289842        
s    6875.55030786             0.0942342        
s    2648.45220711             0.2716678        
s    1049.98073700             0.6763420        

s     422.47853745            -0.5562649        
s     172.31836708            -0.4793209        

s      28.30120953             0.7875807        
s      12.66764116             0.2326114        

s       5.05894842             0.6570388        
s       2.20390257             0.3714247        

s       0.72735771             0.6209857        
s       0.30401193             0.4115106        

s      60.56530325             1.0000000        

s       0.01355997             1.0000000        

s       0.04783584             1.0000000        

p   11876.25484875             0.0004101        
p    3268.55095104             0.0026385        
p    1184.41460471             0.0128645        
p     463.14383928             0.0543221        
p     191.23738154             0.1761082        
p      82.85996128             0.3950317        
p      37.20448645             0.4940952        

p       7.65640110            -0.5502364        
p       3.40344219            -0.4982912        

p       1.28293110             0.2678660        
p       0.54825392             0.6170031        
p       0.21437241             0.2056974        

p      17.15817260             1.0000000        

p       0.0178200              1.0000000        

p       0.4114200              1.0000000        

d     251.01056821             0.0073688        
d      74.41352333             0.0539203        
d      27.67867091             0.1959442        
d      11.29136346             0.3917081        
d       4.69433459             0.4257893        
d       1.90670194             0.1860974        

d       0.54823392             1.0000000        

d       0.15142201             1.0000000        

f       0.1850700              1.0000000        

Zr 40 18 8 2 2 2 2 1 1 1 7 2 3 1 1 1 6 1 1 1

s  2781833.79470530            0.0001440        
s  521679.34119767             0.0006053        
s  232681.77811491             0.0011999        
s   84513.10458904             0.0054874        
s   29766.90252877             0.0199396        
s   10124.32159146             0.0071557        
s    3460.36991890             0.2630469        
s    1252.98274981             0.7129598        

s     481.43559062             0.5422487        
s     193.90606984             0.4944225        

s      34.55236991             0.7066382        
s      15.72702912             0.3170771        

s       6.01921411            -0.5153841        
s       2.73304983            -0.5126827        

s       0.88207095             0.5221272        
s       0.38257380             0.5091368        

s      69.95003434             1.0000000        

s       0.13288936             1.0000000        

s       0.03858854             1.0000000        

p   17433.18339499             0.0002401        
p    4092.13852624             0.0021755        
p    1287.90645575             0.0130562        
p     470.78808171             0.0576330        
p     188.77750638             0.1897878        
p      80.09750330             0.4119968        
p      35.70749649             0.4661366        

p       7.47181964            -0.5897664        
p       3.45589878            -0.4536694        

p       1.43859577             0.2732449        
p       0.62829833             0.6077817        
p       0.24642987             0.2087745        

p      16.30509695             1.0000000        

p       1.55834023             1.0000000        

p       0.0870395              1.0000000        

d     478.61550846             0.0026809        
d     116.66667146             0.0307124        
d      40.39157075             0.1408968        
d      15.90768908             0.3504707        
d       6.44422978             0.4661247        
d       2.56789898             0.2591804        

d       0.72924748             1.0000000        

d       0.20333759             1.0000000        

f       0.3338870              1.0000000        

Nb 41 18 8 2 2 2 2 1 1 1 7 2 3 1 1 1 6 1 1 1

s  2647176.52961261            0.0001420        
s  457294.91677157             0.0006965        
s  163476.25654884             0.0021344        
s   53454.99965722             0.0088203        
s   19717.46414062             0.0266785        
s    7472.76290862             0.0900337        
s    2777.02236973             0.2776042        
s    1071.12539495             0.6777975        

s     433.30069504            -0.5773802        
s     181.27990015            -0.4560205        

s      31.19877739            -0.7830490        
s      14.07550304            -0.2370418        

s       5.26274186             0.7743794        
s       2.03680408             0.2548741        

s       0.92666870            -0.6291085        
s       0.35374866            -0.4099131        

s      68.14488671             1.0000000        

s       0.02058958             1.0000000        

s       0.06620541             1.0000000        

p   11862.75549267             0.0004949        
p    3473.05312761             0.0025003        
p    1446.43343522             0.0101345        
p     570.72778707             0.0484772        
p     226.76583688             0.1701731        
p      95.82006725             0.3956982        
p      42.43191005             0.5065456        

p       8.55451234            -0.5710344        
p       3.85495624            -0.4756632        

p       1.50345997             0.3074383        
p       0.67659991             0.5601860        
p       0.27911404             0.2226797        

p      19.33951570             1.0000000        

p       0.5918400              1.0000000        

p       0.1775085              1.0000000        

d     230.52753252             0.0113067        
d      68.52379287             0.0781037        
d      25.17510472             0.2629851        
d       9.99418518             0.4576387        
d       4.00263031             0.3765132        
d       1.39615190             0.0756337        

d       0.47770553             1.0000000        

d       0.14110582             1.0000000        

f       0.3993900              1.0000000        

Mo 42 18 8 2 2 2 2 1 1 1 7 2 3 1 1 1 6 1 1 1

s  2026740.93270436            0.0002054        
s  385350.13660691             0.0009909        
s  153625.66721216             0.0018066        
s   59074.20718888             0.0092070        
s   18926.56514348             0.0353847        
s    7049.14637847             0.0983889        
s    2906.91027690             0.2655676        
s    1178.86891419             0.6716061        

s     474.86543884            -0.5665737        
s     193.86208674            -0.4688159        

s      30.71565223             0.8305056        
s      13.28375914             0.1880982        

s       5.34972340            -0.8319494        
s       1.94467514            -0.1949974        

s       0.97320128             0.6671042        
s       0.32190830             0.3817182        

s      67.20988264             1.0000000        

s       0.11839548             1.0000000        

s       0.05367322             1.0000000        

p   10863.79422813             0.0005857        
p    3502.46398906             0.0024984        
p    1407.06428281             0.0122642        
p     537.92230924             0.0560023        
p     218.13351373             0.1821024        
p      94.27836494             0.4002267        
p      42.46633549             0.4829808        

p       8.99486403            -0.5715606        
p       4.14037062            -0.4727762        

p       1.68330345             0.3106762        
p       0.73126273             0.5837458        
p       0.29053886             0.1974514        

p      19.68084827             1.0000000        

p       0.1304384              1.0000000        

p       0.0436769              1.0000000        

d     260.39682190             0.0100876        
d      77.45152306             0.0710367        
d      28.75103788             0.2439763        
d      11.59423933             0.4441040        
d       4.72142252             0.3954699        
d       1.73212087             0.0926277        

d       0.60240161             1.0000000        

d       0.17860241             1.0000000        

f       0.5145300              1.0000000        

Tc 43 18 8 2 2 2 2 1 1 1 7 2 3 1 1 1 6 1 1 1

s  3139140.58329154            0.0001410        
s  471413.15022019             0.0009780        
s  134107.31504760             0.0033859        
s   47768.66748258             0.0111172        
s   19077.18434790             0.0296886        
s    8079.99070544             0.0888882        
s    3181.02170447             0.2727774        
s    1254.46032689             0.6760827        

s     506.76289354            -0.5601563        
s     208.46449746            -0.4747429        

s      34.50365584             0.7998762        
s      15.39684880             0.2196282        

s       6.03229864             0.7609767        
s       2.55364434             0.2639898        

s       1.00908096            -0.7147944        
s       0.40046708            -0.3171998        

s      75.61155803             1.0000000        

s       0.11504476             1.0000000        

s       0.04395116             1.0000000        

p    9979.24250068             0.0007500        
p    3311.96217816             0.0031919        
p    1350.82336528             0.0138649        
p     567.93484283             0.0528012        
p     245.71245663             0.1683577        
p     108.61018931             0.3865120        
p      49.71906877             0.5046868        

p      10.41529855            -0.5402685        
p       4.73642591            -0.5057795        

p       1.94441230             0.2590562        
p       0.86834586             0.6122545        
p       0.34281339             0.2154442        

p      23.51988606             1.0000000        

p       0.0425767              1.0000000        

p       0.1389033              1.0000000        

d     286.55790423             0.0093667        
d      85.35792135             0.0673009        
d      31.66763425             0.2366745        
d      12.80454523             0.4414239        
d       5.23836944             0.4023222        
d       1.94981292             0.0966424        

d       0.68241228             1.0000000        

d       0.20266464             1.0000000        

f       0.6071995              1.0000000        

Ru 44 18 8 2 2 2 2 1 1 1 7 2 3 1 1 1 6 1 1 1

s  2570066.23316876            0.0001583        
s  577076.69794713             0.0006519        
s  181502.48207906             0.0023985        
s   66068.82154153             0.0075781        
s   24801.43317493             0.0263596        
s    9041.30244477             0.0902362        
s    3363.11647309             0.2730352        
s    1300.20521635             0.6825892        

s     520.50863144            -0.5675110        
s     215.13298610            -0.4669399        

s      36.04117033            -0.8018517        
s      15.95457817            -0.2178993        

s       6.71765862             0.7016564        
s       3.03211453             0.3227787        

s       1.10914852            -0.7029082        
s       0.43992490            -0.3298316        

s      77.65227294             1.0000000        

s       0.06945088             1.0000000        

s       0.02011606             1.0000000        

p   16364.03439489             0.0003864        
p    4506.83503512             0.0023662        
p    1674.42461191             0.0114777        
p     652.77539067             0.0494432        
p     271.51580069             0.1619785        
p     118.46396693             0.3816973        
p      53.34197249             0.5217544        

p      10.79237836            -0.5586705        
p       4.89847969            -0.4874147        

p       2.01205310             0.3058709        
p       0.89971331             0.5735646        
p       0.36562072             0.2099935        

p      24.55158335             1.0000000        

p       0.1873176              1.0000000        

p       0.0367516              1.0000000        

d     307.23219126             0.0093355        
d      89.82535922             0.0692149        
d      33.07620495             0.2453500        
d      13.26497302             0.4532671        
d       5.40651589             0.3921999        
d       1.95045933             0.0823409        

d       0.69272513             1.0000000        

d       0.20646625             1.0000000        

f       0.5232228              1.0000000        

Rh 45 18 8 2 2 2 2 1 1 1 7 2 3 1 1 1 6 1 1 1

s  2884494.52746520           -0.0001575        
s  612988.02186496            -0.0006865        
s  191321.96339931            -0.0026185        
s   62425.39919639            -0.0103427        
s   22335.36741682            -0.0313940        
s    9195.22202160            -0.0862748        
s    3692.45539385            -0.2648224        
s    1443.18320881            -0.6858689        

s     574.40819194            -0.5539403        
s     235.33590577            -0.4813323        

s      40.85742283            -0.7521269        
s      18.95264617            -0.2683273        

s       7.09096883             0.7045297        
s       3.01038734             0.3235890        

s       1.25103809            -0.6912580        
s       0.47580076            -0.3451373        

s      86.25195573             1.0000000        

s       0.02335264             1.0000000        

s       0.07560319             1.0000000        

p   14901.71175880             0.0004044        
p    5157.10885949             0.0019284        
p    1785.50730789             0.0120639        
p     657.45709113             0.0539796        
p     267.73468475             0.1753225        
p     117.41239574             0.3873786        
p      54.07969456             0.4995301        

p      11.19976479            -0.5692367        
p       5.14312963            -0.4753990        

p       2.09026925             0.3443048        
p       0.93509606             0.5532443        
p       0.38381066             0.1917205        

p      25.37897575             1.0000000        

p       0.1825727              1.0000000        

p       0.0457754              1.0000000        

d     330.54861639             0.0089838        
d      97.17152848             0.0670525        
d      35.76747261             0.2423561        
d      14.34976536             0.4534074        
d       5.88321427             0.3932458        
d       2.16097749             0.0834964        

d       0.77506824             1.0000000        

d       0.23653019             1.0000000        

f       0.7482000              1.0000000        

Pd 46 18 9 2 2 2 1 1 1 1 7 2 3 1 1 1 6 1 1 1

s  11437261.29738128          -0.0000541        
s  2265314.71775539           -0.0002977        
s  674634.30277928            -0.0008502        
s  289534.11730807            -0.0025894        
s  109592.16018243            -0.0076746        
s   50658.86455336            -0.0199140        
s   18996.48708033            -0.0826723        
s    6957.42123918            -0.2535416        
s    2708.31520512            -0.7091924        

s    1099.10890027            -0.4251586        
s     470.51477198            -0.6060142        

s      75.90415599            -0.3630796        
s      36.51735265            -0.6590607        

s       7.30877612            -0.8001196        
s       3.25187455            -0.2195095        

s     208.59758271             1.0000000        

s      16.59126357             1.0000000        

s       1.46460230             1.0000000        

s       0.57977508             1.0000000        

p   20874.80782355             0.0003250        
p    4901.35138242             0.0025474        
p    1777.98399672             0.0116861        
p     695.74581149             0.0513639        
p     283.78879457             0.1731098        
p     122.48409202             0.3935534        
p      55.58056926             0.4992533        

p      11.98636537            -0.5493334        
p       5.54235795            -0.4948079        

p       2.08726620             0.4139406        
p       0.89761184             0.5380567        
p       0.33379647             0.1419057        

p      26.03274009             1.0000000        

p       0.4168982              1.0000000        

p       0.0864491              1.0000000        

d     479.03528606             0.0049787        
d     130.51042484             0.0471359        
d      45.84800195             0.2014848        
d      17.97001702             0.4356330        
d       7.22102435             0.4435415        
d       2.64184313             0.1131532        

d       0.92641479             1.0000000        

d       0.25806916             1.0000000        

f       0.8520000              1.0000000        

Ag 47 18 8 2 2 2 2 1 1 1 7 2 3 1 1 1 6 1 1 1

s  3713780.93731371            0.0001624        
s  693919.36932121             0.0006666        
s  325428.41692311             0.0012825        
s  108507.37924419             0.0071838        
s   35632.30853931             0.0255976        
s   12903.57882805             0.0835421        
s    4831.40008671             0.2600216        
s    1845.61768816             0.7015787        

s     718.00322237             0.5243017        
s     286.99682342             0.5130316        

s      50.29630614            -0.7031521        
s      22.61657703            -0.3214447        

s       8.20344403            -0.6496322        
s       3.65648408            -0.3775676        

s       1.37917434             0.7365024        
s       0.52675923             0.2966191        

s     114.05973484             1.0000000        

s       0.08007237             1.0000000        

s       0.02788400             1.0000000        

p   28319.42450268             0.0002285        
p    6655.02505642             0.0019107        
p    2437.30247442             0.0078146        
p    1009.97998425             0.0345075        
p     405.00663336             0.1344587        
p     170.15095307             0.3595054        
p      75.26381552             0.5795538        

p      14.61985357            -0.4860758        
p       6.53591414            -0.5616686        

p       2.56909194             0.3028752        
p       1.11621078             0.6017384        
p       0.43332979             0.1852903        

p      34.26698056             1.0000000        

p       0.1449000              1.0000000        

p       0.0366000              1.0000000        

d     604.18753461             0.0036601        
d     153.74364114             0.0398518        
d      53.05008733             0.1817893        
d      20.66218462             0.4213288        
d       8.30213463             0.4600801        
d       3.17178204             0.1350019        

d       1.14701380             1.0000000        

d       0.33944361             1.0000000        

f       1.0994630              1.0000000        

Cd 48 18 8 2 2 2 2 1 1 1 7 2 3 1 1 1 6 1 1 1

s  3155085.06499701            0.0001752        
s  660772.13404554             0.0006444        
s  238881.52916262             0.0023638        
s   72735.34368029             0.0106112        
s   25634.52007250             0.0310378        
s   10770.27869179             0.0818476        
s    4342.40753979             0.2617549        
s    1666.21187517             0.6934402        

s     658.00203774            -0.5518254        
s     267.56312988            -0.4840379        

s      43.01025151             0.8227696        
s      18.37219288             0.1970478        

s       7.96434968            -0.7755634        
s       3.25845033            -0.2503104        

s       1.50350750             0.6054140        
s       0.46229911             0.4528809        

s      93.94102375             1.0000000        

s       0.35164902             1.0000000        

s       0.06345509             1.0000000        

p   21673.06753263             0.0003598        
p    5265.80274347             0.0028456        
p    1866.01888067             0.0130392        
p     780.79150255             0.0471270        
p     342.85791348             0.1533728        
p     151.41508768             0.3753092        
p      68.90567073             0.5327034        

p      14.22473306            -0.5374181        
p       6.63269547            -0.5058996        

p       2.89148336             0.2574621        
p       1.32796742             0.5923667        
p       0.54612318             0.2346706        

p      32.29473415             1.0000000        

p       0.0502000              1.0000000        

p       0.3350000              1.0000000        

d     391.08708949             0.0087574        
d     116.56058610             0.0649429        
d      43.34170961             0.2374537        
d      17.62374763             0.4489949        
d       7.39389667             0.3942989        
d       2.79634646             0.0869358        

d       1.05431969             1.0000000        

d       0.34517249             1.0000000        

f       1.1178000              1.0000000        

In 49 18 8 2 2 2 2 1 1 1 7 2 3 1 1 1 6 1 1 1

s  3911387.99396017            0.0001126        
s  616287.73481971             0.0008020        
s  151103.30117264             0.0037395        
s   47141.85872853             0.0134119        
s   17529.40640418             0.0387666        
s    7260.52500212             0.1047107        
s    3025.71991729             0.2841532        
s    1247.90516632             0.6416536        

s     525.78514244            -0.6182996        
s     227.70274356            -0.4117580        

s      37.42356574             0.8547280        
s      15.40856655             0.1637561        

s       7.80235647            -0.9129205        
s       3.66651376            -0.0957109        

s       1.58107676             0.6747568        
s       0.68346506             0.3535450        

s      81.15347986             1.0000000        

s       0.16693398             1.0000000        

s       0.06074596             1.0000000        

p   15057.43809137             0.0005984        
p    3736.13730897             0.0046182        
p    1305.52437933             0.0215333        
p     530.19961571             0.0783546        
p     227.22714039             0.2267649        
p     100.29531263             0.4265742        
p      45.55071966             0.3928273        

p       9.30536768            -0.7319368        
p       4.34502689            -0.3034736        

p       2.03496374             0.6922614        
p       0.89930195             0.3509367        
p       0.04072711             0.0068795        

p      19.89039293             1.0000000        

p       0.34908476             1.0000000        

p       0.11984145             1.0000000        

d     404.44497713             0.0091116        
d     120.40150512             0.0674912        
d      44.84756662             0.2438020        
d      18.32709234             0.4522366        
d       7.76910230             0.3830643        
d       3.02700765             0.0825163        

d       1.17153703             1.0000000        

d       0.40449780             1.0000000        

f       1.2673800              1.0000000        

Sn 50 18 8 2 2 2 2 1 1 1 7 2 3 1 1 1 6 1 1 1

s  4238589.38529473            0.0001263        
s  673793.42495089             0.0008800        
s  170097.07647820             0.0038795        
s   55609.70461290             0.0129455        
s   21415.49971415             0.0369050        
s    8977.66375890             0.0996500        
s    3782.07819166             0.2737153        
s    1562.92528277             0.6563110        

s     648.12338474            -0.5701632        
s     272.54080122            -0.4629734        

s      46.76879883            -0.7902759        
s      22.69311379            -0.2259347        

s       9.71239974            -0.6399296        
s       4.80098504            -0.3811111        

s       1.87390748             0.6068691        
s       0.82932636             0.4219649        

s      94.87261510             1.0000000        

s       0.20078915             1.0000000        

s       0.07538279             1.0000000        

p   15934.47942881             0.0005873        
p    3949.03996243             0.0045455        
p    1382.89878270             0.0210093        
p     566.21188582             0.0755028        
p     244.15478655             0.2202092        
p     107.89717825             0.4237674        
p      48.96252198             0.4038944        

p      10.07938092             0.7252962        
p       4.75501791             0.3096567        

p       2.25355772             0.6755163        
p       1.01299742             0.3734322        
p       0.15319025            -0.0228824        

p      21.42982885             1.0000000        

p       0.39772444             1.0000000        

p       0.05502644             1.0000000        

d     439.54036499             0.0085018        
d     130.83523828             0.0639522        
d      48.78644670             0.2353001        
d      20.01140691             0.4465600        
d       8.53464202             0.3913098        
d       3.38957135             0.0903839        

d       1.34061058             1.0000000        

d       0.47738533             1.0000000        

f       1.4803000              1.0000000        

Sb 51 18 8 2 2 2 2 1 1 1 6 2 4 1 1 1 6 1 1 1

s  4576912.39461047           -0.0001233        
s  722274.85585881            -0.0008704        
s  180461.44189899            -0.0038945        
s   58510.85396354            -0.0131140        
s   22407.98050811            -0.0375549        
s    9397.19468637            -0.1003697        
s    3988.08004008            -0.2728250        
s    1658.51236772            -0.6554198        

s     689.53631958            -0.5632845        
s     290.33252531            -0.4698482        

s      51.76115244            -0.7577797        
s      25.43660363            -0.2594820        

s      10.68711246            -0.5687076        
s       5.35097749            -0.4527500        

s       2.08203748             0.5691223        
s       0.94593102             0.4585654        

s     103.03896014             1.0000000        

s       0.23237717             1.0000000        

s       0.08908140             1.0000000        

p   17526.99848246             0.0008306        
p    4338.38561674             0.0064535        
p    1521.20209475             0.0297856        
p     625.08384057             0.1074763        
p     269.92029289             0.3200230        
p     119.21923344             0.6397906        

p      24.01714113            -0.3162973        
p      11.38682967            -0.7186590        

p       5.48204731            -0.1147836        
p       2.57971786             0.5859859        
p       1.16867338             0.4849648        
p       0.46335800             0.0833342        

p      54.10285183             1.0000000        

p       0.18646747             1.0000000        

p       0.06892036             1.0000000        

d     482.52442053             0.0076276        
d     144.20982987             0.0579483        
d      54.02687331             0.2179002        
d      22.27295388             0.4330145        
d       9.53470440             0.4102915        
d       3.84640851             0.1077162        

d       1.54677239             1.0000000        

d       0.56155038             1.0000000        

f       1.7468010              1.0000000        

Te 52 18 8 2 2 2 2 1 1 1 7 2 3 1 1 1 6 1 1 1

s  4650601.62944046           -0.0001291        
s  732410.37796376            -0.0009121        
s  183587.78336399            -0.0040438        
s   60119.30754396            -0.0133655        
s   23190.68448638            -0.0383029        
s    9737.01632783            -0.1018466        
s    4166.07002735            -0.2725802        
s    1748.29117439            -0.6528605        

s     729.63641733            -0.5576433        
s     307.46500803            -0.4754956        

s      55.97521174            -0.7379376        
s      27.54602392            -0.2801360        

s      11.33873168            -0.5486633        
s       5.70208693            -0.4726956        

s       2.22186025             0.5734969        
s       1.02667130             0.4530005        

s     110.73724148             1.0000000        

s       0.27246346             1.0000000        

s       0.10489073             1.0000000        

p    8289.94492999             0.0005423        
p    4521.61764712             0.0042249        
p    1585.75140286             0.0194377        
p     654.35415772             0.0694895        
p     283.76216310             0.2069498        
p     125.50601977             0.4171248        
p      56.92437628             0.4276298        

p      11.96243933            -0.7083409        
p       5.74608357            -0.3260789        

p       2.71079969             0.5979879        
p       1.23555585             0.3895349        
p       0.47667416             0.0876738        

p      25.23465437             1.0000000        

p       0.19817871             1.0000000        

p       0.07356233             1.0000000        

d     519.00405018             0.0073211        
d     155.37108353             0.0560993        
d      58.31953191             0.2142426        
d      24.11039580             0.4317449        
d      10.36130878             0.4124570        
d       4.22870886             0.1097825        

d       1.72518271             1.0000000        

d       0.63881217             1.0000000        

f       1.9721100              1.0000000        

I 53 18 8 2 2 2 2 1 1 1 7 2 3 1 1 1 6 1 1 1

s  5464702.08060097            0.0001093        
s  849942.52168504             0.0007913        
s  207458.86762606             0.0036900        
s   64929.86485391             0.0131833        
s   23909.80880875             0.0395406        
s    9850.71275593             0.1040723        
s    4222.34623514             0.2741166        
s    1781.76403452             0.6488818        

s     749.21394356            -0.5595941        
s     318.75246448            -0.4728234        

s      59.88344918            -0.7200351        
s      29.50227605            -0.2987074        

s      12.24593624            -0.5061450        
s       6.20345391            -0.5148945        

s       2.43764323             0.5412411        
s       1.14985168             0.4841938        

s     118.02205930             1.0000000        

s       0.30638210             1.0000000        

s       0.11926836             1.0000000        

p   20182.20166081             0.0004988        
p    4999.21100888             0.0038641        
p    1768.53795847             0.0174910        
p     734.77528080             0.0632147        
p     317.51165410             0.1951982        
p     139.60118455             0.4117047        
p      63.12833732             0.4496355        

p      13.45203045            -0.6861431        
p       6.52579989            -0.3486363        

p       3.02467901             0.5601269        
p       1.38040546             0.4313665        
p       0.52669045             0.0821826        

p      28.34086632             1.0000000        

p       0.22217820             1.0000000        

p       0.08328104             1.0000000        

d     565.98837950             0.0067496        
d     168.69681731             0.0529920        
d      63.14306896             0.2071444        
d      26.10306850             0.4270744        
d      11.24530421             0.4189456        
d       4.63907320             0.1167256        

d       1.91572411             1.0000000        

d       0.72024616             1.0000000        

f       2.20029999             1.0000000        

Xe 54 18 8 2 2 2 2 1 1 1 7 2 3 1 1 1 6 1 1 1

s  5300603.64553030            0.0001206        
s  830291.96023362             0.0008636        
s  204622.59537664             0.0039494        
s   65467.65670800             0.0135309        
s   24638.35965707             0.0400564        
s   10166.62174430             0.1067087        
s    4378.44248334             0.2749072        
s    1872.44267126             0.6441580        

s     791.67226166            -0.5534700        
s     335.97247692            -0.4791942        

s      62.71741001            -0.7187354        
s      30.85802860            -0.3001261        

s      12.58441890            -0.5299055        
s       6.37253749            -0.4911267        

s       2.52103894             0.5795385        
s       1.19813268             0.4450428        

s     123.77865014             1.0000000        

s       0.35467594             1.0000000        

s       0.13770054             1.0000000        

p   19789.21536178             0.0005471        
p    4884.31861520             0.0042796        
p    1716.21072091             0.0194546        
p     717.46791924             0.0675559        
p     315.32662293             0.2005936        
p     140.29749882             0.4126803        
p      63.76419492             0.4381311        

p      13.53639555            -0.7044975        
p       6.53430209            -0.3297007        

p       3.09312426             0.6028430        
p       1.44315313             0.3816860        
p       0.57854424             0.0860834        

p      28.46523338             1.0000000        

p       0.24632510             1.0000000        

p       0.09406752             1.0000000        

d     562.16186208             0.0075383        
d     166.96897515             0.0586387        
d      62.58995927             0.2216933        
d      26.06667973             0.4340414        
d      11.40476322             0.3998265        
d       4.80680923             0.1061374        

d       2.02133549             1.0000000        

d       0.77586645             1.0000000        

f       2.37949999             1.0000000        

