SBKJC
BASIS:
H 1 2 2 1

s       5.4471780              0.1562850        
s       0.8245470              0.9046910        

s       0.1831920              1.0000000        

He 2 2 2 1

s      13.6267000              0.1752300        
s       1.9993500              0.8934830        

s       0.3829930              1.0000000        

Li 3 4 3 1 3 1

s       0.6177000             -0.1628700        
s       0.1434000              0.1264300        
s       0.0504800              0.7617900        

s       0.0192300              0.2180000        

p       0.6177000              0.0620500        
p       0.1434000              0.2471900        
p       0.0504800              0.5214000        

p       0.0192300              0.3429000        

Be 4 4 3 1 3 1

s       1.4470000             -0.1564700        
s       0.3522000              0.1091900        
s       0.1219000              0.6753800        

s       0.0439500              0.3298700        

p       1.4470000              0.0892400        
p       0.3522000              0.3099900        
p       0.1219000              0.5184200        

p       0.0439500              0.2791100        

B 5 4 3 1 3 1

s       2.7100000             -0.1498700        
s       0.6552000              0.0844200        
s       0.2248000              0.6975100        

s       0.0758400              0.3284200        

p       2.7100000              0.0947400        
p       0.6552000              0.3080700        
p       0.2248000              0.4687600        

p       0.0758400              0.3502500        

C 6 4 3 1 3 1

s       4.2860000             -0.1472200        
s       1.0460000              0.0812500        
s       0.3447000              0.7136000        

s       0.1128000              0.3152100        

p       4.2860000              0.1025700        
p       1.0460000              0.3298700        
p       0.3447000              0.4821200        

p       0.1128000              0.3159300        

N 7 4 3 1 3 1

s       6.4030000             -0.1395500        
s       1.5800000              0.0549200        
s       0.5094000              0.7167800        

s       0.1623000              0.3321000        

p       6.4030000              0.1033600        
p       1.5800000              0.3320500        
p       0.5094000              0.4870800        

p       0.1623000              0.3131200        

O 8 4 3 1 3 1

s       8.5190000             -0.1455100        
s       2.0730000              0.0828600        
s       0.6471000              0.7432500        

s       0.2000000              0.2847200        

p       8.5190000              0.1100700        
p       2.0730000              0.3496900        
p       0.6471000              0.4809300        

p       0.2000000              0.3072700        

F 9 4 3 1 3 1

s      11.1200000             -0.1445100        
s       2.6870000              0.0897100        
s       0.8210000              0.7565900        

s       0.2475000              0.2657000        

p      11.1200000              0.1130000        
p       2.6870000              0.3584100        
p       0.8210000              0.4800200        

p       0.2475000              0.3038100        

Ne 10 4 3 1 3 1

s      14.0700000             -0.1446300        
s       3.3890000              0.0933100        
s       1.0210000              0.7629700        

s       0.3031000              0.2566100        

p      14.0700000              0.1151400        
p       3.3890000              0.3647900        
p       1.0210000              0.4805200        

p       0.3031000              0.2989600        

Na 11 4 3 1 3 1

s       0.4299000             -0.2087400        
s       0.0889700              0.3120600        
s       0.0355000              0.7030000        

s       0.0145500              0.1164800        

p       0.4299000             -0.0257100        
p       0.0889700              0.2160800        
p       0.0355000              0.5419600        

p       0.0145500              0.3548400        

Mg 12 4 3 1 3 1

s       0.6606000             -0.2445100        
s       0.1845000              0.2532300        
s       0.0698300              0.6972000        

s       0.0274000              0.2165500        

p       0.6606000             -0.0442100        
p       0.1845000              0.2732300        
p       0.0698300              0.5762600        

p       0.0274000              0.2815200        

Al 13 4 3 1 3 1

s       0.9011000             -0.3037700        
s       0.4495000              0.1338200        
s       0.1405000              0.7603700        

s       0.0487400              0.3223200        

p       0.9011000             -0.0792900        
p       0.4495000              0.1654000        
p       0.1405000              0.5301500        

p       0.0487400              0.4772400        

Si 14 4 3 1 3 1

s       1.1670000             -0.3240300        
s       0.5268000              0.1843800        
s       0.1807000              0.7773700        

s       0.0648000              0.2676700        

p       1.1670000             -0.0845000        
p       0.5268000              0.2378600        
p       0.1807000              0.5653200        

p       0.0648000              0.3743300        

P 15 4 3 1 3 1

s       1.4590000             -0.3409100        
s       0.6549000              0.2153500        
s       0.2256000              0.7957800        

s       0.0811500              0.2309200        

p       1.4590000             -0.0937800        
p       0.6549000              0.2920500        
p       0.2256000              0.5868800        

p       0.0811500              0.3063100        

S 16 4 3 1 3 1

s       1.8170000             -0.3401500        
s       0.8379000              0.1960100        
s       0.2854000              0.8266600        

s       0.0993900              0.2165200        

p       1.8170000             -0.1009600        
p       0.8379000              0.3124400        
p       0.2854000              0.5790600        

p       0.0993900              0.3074800        

Cl 17 4 3 1 3 1

s       2.2250000             -0.3309800        
s       1.1730000              0.1152800        
s       0.3851000              0.8471700        

s       0.1301000              0.2653400        

p       2.2250000             -0.1260400        
p       1.1730000              0.2995200        
p       0.3851000              0.5835700        

p       0.1301000              0.3409700        

Ar 18 4 3 1 3 1

s       2.7060000             -0.3128600        
s       1.2780000              0.1182100        
s       0.4354000              0.8678600        

s       0.1476000              0.2226400        

p       2.7060000             -0.1092700        
p       1.2780000              0.3260100        
p       0.4354000              0.5795200        

p       0.1476000              0.3034900        

K 19 4 3 1 3 1

s       0.2201000             -0.2860270        
s       0.0482500              0.4820500        
s       0.0224200              0.6758410        

s       0.0102000              1.0000000        

p       0.2201000             -0.0662450        
p       0.0482500              0.3568980        
p       0.0224200              0.7044260        

p       0.0102000              1.0000000        

Ca 20 4 3 1 3 1

s       0.2604000             -0.6764660        
s       0.1439000              0.5256930        
s       0.0485900              0.9602160        

s       0.0216700              1.0000000        

p       0.2604000             -0.2703740        
p       0.1439000              0.4078070        
p       0.0485900              0.8281290        

p       0.0216700              1.0000000        

Sc 21 11 4 2 1 1 4 2 1 1 4 1 1

s      40.0700000             -0.0032960        
s       3.6650000             -0.6556170        
s       3.0470000              0.1032530        
s       0.9588000              1.3201990        

s       1.2640000             -0.0575960        
s       0.0750200              1.0164680        

s       0.0274100              1.0000000        

s       0.3557000              1.0000000        

p      40.0700000             -0.0077530        
p       3.6650000             -0.6155920        
p       3.0470000              0.7802610        
p       0.9588000              0.8340790        

p       1.2640000             -0.0317790        
p       0.0750200              1.0040650        

p       0.0274100              1.0000000        

p       0.3557000              1.0000000        

d      23.2400000              0.0262880        
d       6.1430000              0.1428810        
d       2.0070000              0.3981780        
d       0.6652000              0.6402010        

d       0.2021000              1.0000000        

d       0.0545400              1.0000000        

Ti 22 11 4 2 1 1 4 2 1 1 4 1 1

s      51.0800000             -0.0020040        
s       4.1800000             -0.6196860        
s       2.9970000              0.1560290        
s       1.0190000              1.2488170        

s       1.3830000             -0.0728910        
s       0.0812800              1.0201840        

s       0.0302300              1.0000000        

s       0.3745000              1.0000000        

p      51.0800000             -0.0069490        
p       4.1800000             -0.3266130        
p       2.9970000              0.5442540        
p       1.0190000              0.7896310        

p       1.3830000             -0.0259490        
p       0.0812800              1.0033530        

p       0.0302300              1.0000000        

p       0.3745000              1.0000000        

d      28.1100000              0.0257460        
d       7.6300000              0.1412600        
d       2.5280000              0.4006070        
d       0.8543000              0.6345320        

d       0.2673000              1.0000000        

d       0.0743000              1.0000000        

V 23 11 4 2 1 1 4 2 1 1 4 1 1

s      48.1600000             -0.0042770        
s       4.6850000             -0.5455540        
s       3.1150000              0.1317990        
s       1.0980000              1.2180220        

s       1.5650000             -0.0854260        
s       0.0940900              1.0235840        

s       0.0337000              1.0000000        

s       0.3936000              1.0000000        

p      48.1600000             -0.0080070        
p       4.6850000             -0.2656730        
p       3.1150000              0.5229440        
p       1.0980000              0.7544340        

p       1.5650000             -0.0228160        
p       0.0940900              1.0030660        

p       0.0337000              1.0000000        

p       0.3936000              1.0000000        

d      33.3600000              0.0255300        
d       9.3310000              0.1403360        
d       3.1580000              0.3979330        
d       1.1130000              0.6290270        

d       0.3608000              1.0000000        

d       0.1007000              1.0000000        

Cr 24 11 4 2 1 1 4 2 1 1 4 1 1

s      23.1200000             -0.0059180        
s       5.0360000             -0.5907500        
s       2.8670000              0.2961200        
s       1.1440000              1.1076460        

s       1.5710000             -0.0903290        
s       0.0965400              1.0251640        

s       0.0349200              1.0000000        

s       0.4529000              1.0000000        

p      23.1200000             -0.0180180        
p       5.0360000             -0.1449960        
p       2.8670000              0.4974160        
p       1.1440000              0.6728840        

p       1.5710000             -0.0372810        
p       0.0965400              1.0048790        

p       0.0349200              1.0000000        

p       0.4529000              1.0000000        

d      37.8900000              0.0259100        
d      10.5800000              0.1441300        
d       3.6030000              0.4035970        
d       1.2700000              0.6208460        

d       0.4118000              1.0000000        

d       0.1126000              1.0000000        

Mn 25 11 4 2 1 1 4 2 1 1 4 1 1

s      72.1700000             -0.0026350        
s       5.7280000             -0.5931840        
s       3.7290000              0.2246560        
s       1.3210000              1.1753420        

s       1.8270000             -0.0961460        
s       0.1130000              1.0266680        

s       0.0389000              1.0000000        

s       0.4754000              1.0000000        

p      72.1700000             -0.0071720        
p       5.7280000             -0.2456490        
p       3.7290000              0.5322830        
p       1.3210000              0.7305360        

p       1.8270000             -0.0326000        
p       0.1130000              1.0043760        

p       0.0389000              1.0000000        

p       0.4754000              1.0000000        

d      42.6300000              0.0260950        
d      11.9700000              0.1467720        
d       4.0910000              0.4071150        
d       1.4500000              0.6145900        

d       0.4700000              1.0000000        

d       0.1281000              1.0000000        

Fe 26 11 4 2 1 1 4 2 1 1 4 1 1

s      70.2800000             -0.0026110        
s       6.0610000             -0.6924350        
s       4.1340000              0.3625300        
s       1.4210000              1.1406450        

s       1.9780000             -0.0981720        
s       0.1213000              1.0269570        

s       0.0410000              1.0000000        

s       0.5121000              1.0000000        

p      70.2800000             -0.0079400        
p       6.0610000             -0.2901510        
p       4.1340000              0.5910280        
p       1.4210000              0.7194480        

p       1.9780000             -0.0337310        
p       0.1213000              1.0044620        

p       0.0410000              1.0000000        

p       0.5121000              1.0000000        

d      47.1000000              0.0266080        
d      13.1200000              0.1520100        
d       4.4780000              0.4138270        
d       1.5810000              0.6055420        

d       0.5100000              1.0000000        

d       0.1382000              1.0000000        

Co 27 11 4 2 1 1 4 2 1 1 4 1 1

s      75.6800000             -0.0052710        
s       6.4960000             -0.7055250        
s       4.7910000              0.3478800        
s       1.5940000              1.1755950        

s       2.3370000             -0.0892670        
s       0.1269000              1.0225890        

s       0.0423200              1.0000000        

s       0.5572000              1.0000000        

p      75.6800000             -0.0080850        
p       6.4960000             -0.3909880        
p       4.7910000              0.6800780        
p       1.5940000              0.7295940        

p       2.3370000             -0.0159350        
p       0.1269000              1.0019450        

p       0.0423200              1.0000000        

p       0.5572000              1.0000000        

d      51.6900000              0.0254470        
d      14.7000000              0.1495290        
d       4.8510000              0.4250560        
d       1.6430000              0.6054650        

d       0.5075000              1.0000000        

d       0.1433000              1.0000000        

Ni 28 11 4 2 1 1 4 2 1 1 4 1 1

s      89.3600000             -0.0052200        
s       7.2650000             -0.6839930        
s       5.5720000              0.2510500        
s       1.8500000              1.2364510        

s       3.2350000             -0.0634180        
s       0.1295000              1.0132370        

s       0.0432700              1.0000000        

s       0.6594000              1.0000000        

p      89.3600000             -0.0075290        
p       7.2650000             -0.4458620        
p       5.5720000              0.7063640        
p       1.8500000              0.7536060        

p       3.2350000              0.0011360        
p       0.1295000              0.9998950        

p       0.0432700              1.0000000        

p       0.6594000              1.0000000        

d      58.7300000              0.0262460        
d      16.7100000              0.1503340        
d       5.7830000              0.4133850        
d       2.0640000              0.6041140        

d       0.6752000              1.0000000        

d       0.1825000              1.0000000        

Cu 29 11 4 2 1 1 4 2 1 1 4 1 1

s      83.4200000             -0.0048290        
s       7.9700000             -0.6447990        
s       5.6000000              0.2652400        
s       1.9320000              1.1897910        

s       2.8660000             -0.0747740        
s       0.1319000              1.0170370        

s       0.0440000              1.0000000        

s       0.6874000              1.0000000        

p      83.4200000             -0.0082840        
p       7.9700000             -0.3218950        
p       5.6000000              0.6181330        
p       1.9320000              0.7221840        

p       2.8660000             -0.0005410        
p       0.1319000              1.0000580        

p       0.0440000              1.0000000        

p       0.6874000              1.0000000        

d      65.8000000              0.0255970        
d      18.8200000              0.1486090        
d       6.5380000              0.4117860        
d       2.3480000              0.6055070        

d       0.7691000              1.0000000        

d       0.2065000              1.0000000        

Zn 30 11 4 2 1 1 4 2 1 1 4 1 1

s     113.5000000             -0.0042800        
s       8.3080000             -0.8202320        
s       6.3320000              0.4250060        
s       2.1460000              1.1980770        

s       2.9060000             -0.0823560        
s       0.1623000              1.0215740        

s       0.0536900              1.0000000        

s       0.8116000              1.0000000        

p     113.5000000             -0.0074290        
p       8.3080000             -0.4326050        
p       6.3320000              0.7234510        
p       2.1460000              0.7272170        

p       2.9060000             -0.0230010        
p       0.1623000              1.0028240        

p       0.0536900              1.0000000        

p       0.8116000              1.0000000        

d      65.9900000              0.0276530        
d      19.8100000              0.1587940        
d       6.9450000              0.4209710        
d       2.5430000              0.5852770        

d       0.9165000              1.0000000        

d       0.3264000              1.0000000        

Ga 31 11 4 1 2 1 4 1 2 1 4 1 1

s     113.9000000             -0.0017110        
s       9.1550000             -0.8230360        
s       6.6330000              0.4586180        
s       2.2780000              1.1618170        

s       0.0746100              1.0000000        

s       2.1230000             -0.1455060        
s       0.1939000              1.0511470        

s       0.8818000              1.0000000        

p     113.9000000             -0.0080460        
p       9.1550000             -0.3574320        
p       6.6330000              0.6637940        
p       2.2780000              0.7136190        

p       0.0746100              1.0000000        

p       2.1230000             -0.0962610        
p       0.1939000              1.0175730        

p       0.8818000              1.0000000        

d      70.4300000              0.0288770        
d      21.0500000              0.1662530        
d       7.4010000              0.4277760        
d       2.7520000              0.5704100        

d       1.0260000              1.0000000        

d       0.3907000              1.0000000        

Ge 32 4 4 1 4 1

s       1.8340000              0.4938600        
s       1.5290000             -0.8573540        
s       0.3594000              0.4108300        
s       0.1470000              0.8003780        

s       0.0559800              1.0000000        

p       1.8340000              0.0064140        
p       1.5290000             -0.0860520        
p       0.3594000              0.3832320        
p       0.1470000              0.6981850        

p       0.0559800              1.0000000        

As 33 4 4 1 4 1

s       2.7090000              0.1214790        
s       1.5780000             -0.5189180        
s       0.4358000              0.4287910        
s       0.1776000              0.8080780        

s       0.0698400              1.0000000        

p       2.7090000             -0.0029200        
p       1.5780000             -0.0950540        
p       0.4358000              0.4246820        
p       0.1776000              0.6712900        

p       0.0698400              1.0000000        

Se 34 4 4 1 4 1

s       3.7110000              0.0557440        
s       1.5860000             -0.5105200        
s       0.5339000              0.4807550        
s       0.2085000              0.8102920        

s       0.0782100              1.0000000        

p       3.7110000             -0.0060140        
p       1.5860000             -0.1214470        
p       0.5339000              0.4526070        
p       0.2085000              0.6697510        

p       0.0782100              1.0000000        

Br 35 4 4 1 4 1

s       3.2760000              0.2005700        
s       2.0440000             -0.6492960        
s       0.6398000              0.4054010        
s       0.2561000              0.8726070        

s       0.0956700              1.0000000        

p       3.2760000              0.0054110        
p       2.0440000             -0.1323910        
p       0.6398000              0.4300270        
p       0.2561000              0.6860090        

p       0.0956700              1.0000000        

Kr 36 4 4 1 4 1

s       3.0810000              0.5337890        
s       2.4130000             -1.0014650        
s       0.7386000              0.4155100        
s       0.2941000              0.8801030        

s       0.1095000              1.0000000        

p       3.0810000              0.0359060        
p       2.4130000             -0.1696950        
p       0.7386000              0.4350800        
p       0.2941000              0.6857600        

p       0.1095000              1.0000000        

Rb 37 4 3 1 3 1

s       0.1543000             -0.7533900        
s       0.0989200              0.4062700        
s       0.0322700              1.1124870        

s       0.0149000              1.0000000        

p       0.1543000             -0.1086840        
p       0.0989200              0.0555870        
p       0.0322700              1.0141680        

p       0.0149000              1.0000000        

Sr 38 4 3 1 3 1

s       0.1836000             -1.0751390        
s       0.1252000              0.9470370        
s       0.0396800              0.9342260        

s       0.0184000              1.0000000        

p       0.1836000             -0.9555490        
p       0.1252000              0.8564470        
p       0.0396800              0.8715580        

p       0.0184000              1.0000000        

Y 39 11 4 2 1 1 4 2 1 1 3 1 1

s      29.8400000             -0.0062940        
s       3.2420000              1.4362310        
s       2.6940000             -2.5502130        
s       0.8430000              1.7560650        

s       1.3240000             -0.0579760        
s       0.0680600              1.0148740        

s       0.0272900              1.0000000        

s       0.3015000              1.0000000        

p      29.8400000             -0.0034570        
p       3.2420000             -0.0973860        
p       2.6940000             -0.0989330        
p       0.8430000              1.1121900        

p       1.3240000             -0.0258910        
p       0.0680600              1.0028330        

p       0.0272900              1.0000000        

p       0.3015000              1.0000000        

d       5.3990000              0.0120200        
d       1.0660000              0.3429500        
d       0.3892000              0.7393970        

d       0.1300000              1.0000000        

d       0.0412100              1.0000000        

Zr 40 11 4 2 1 1 4 2 1 1 3 1 1

s      30.5300000             -0.0045040        
s       3.5180000              1.7088990        
s       2.9710000             -2.9185180        
s       0.9587000              1.8229580        

s       0.9293000             -0.0619580        
s       0.0691000              1.0207390        

s       0.0275900              1.0000000        

s       0.3764000              1.0000000        

p      30.5300000             -0.0040920        
p       3.5180000             -0.0786650        
p       2.9710000             -0.1405880        
p       0.9587000              1.1305260        

p       0.9293000             -0.0602170        
p       0.0691000              1.0093020        

p       0.0275900              1.0000000        

p       0.3764000              1.0000000        

d       6.1910000              0.0120000        
d       1.3200000              0.3250050        
d       0.5359000              0.7402990        

d       0.1900000              1.0000000        

d       0.0590000              1.0000000        

Nb 41 11 4 2 1 1 4 2 1 1 3 1 1

s      38.5300000             -0.0020590        
s       3.9070000              1.6188670        
s       3.2740000             -2.8308600        
s       1.0520000              1.8184650        

s       1.0570000             -0.0719190        
s       0.0787600              1.0237970        

s       0.0309100              1.0000000        

s       0.4165000              1.0000000        

p      38.5300000             -0.0035760        
p       3.9070000             -0.0332170        
p       3.2740000             -0.1855680        
p       1.0520000              1.1334710        

p       1.0570000             -0.0678150        
p       0.0787600              1.0102540        

p       0.0309100              1.0000000        

p       0.4165000              1.0000000        

d       7.9940000              0.0104330        
d       1.5500000              0.3180710        
d       0.6666000              0.7396540        

d       0.2462000              1.0000000        

d       0.0786000              1.0000000        

Mo 42 11 4 2 1 1 4 2 1 1 3 1 1

s      39.6700000             -0.0097160        
s       4.6330000              0.7701260        
s       3.2080000             -2.2295300        
s       1.2240000              2.0464950        

s       1.1810000             -0.0752220        
s       0.0848900              1.0241370        

s       0.0327600              1.0000000        

s       0.4728000              1.0000000        

p      39.6700000             -0.0040150        
p       4.6330000             -0.0341460        
p       3.2080000             -0.2518170        
p       1.2240000              1.1923470        

p       1.1810000             -0.0719710        
p       0.0848900              1.0102270        

p       0.0327600              1.0000000        

p       0.4728000              1.0000000        

d       9.0510000              0.0108830        
d       1.7770000              0.3118290        
d       0.7848000              0.7418020        

d       0.2899000              1.0000000        

d       0.0910700              1.0000000        

Tc 43 11 4 2 1 1 4 2 1 1 3 1 1

s      48.8700000             -0.0064850        
s       4.7700000              1.3309300        
s       3.7400000             -2.6988320        
s       1.3050000              1.9562630        

s       1.7440000             -0.0942750        
s       0.1206000              1.0286040        

s       0.0431000              1.0000000        

s       0.4940000              1.0000000        

p      48.8700000             -0.0034920        
p       4.7700000              0.0375140        
p       3.7400000             -0.2978010        
p       1.3050000              1.1749000        

p       1.7440000             -0.0854010        
p       0.1206000              1.0109460        

p       0.0431000              1.0000000        

p       0.4940000              1.0000000        

d       9.4510000              0.0121950        
d       1.8870000              0.3469500        
d       0.8506000              0.7071230        

d       0.3258000              1.0000000        

d       0.1031000              1.0000000        

Ru 44 11 4 2 1 1 4 2 1 1 3 1 1

s      56.0000000             -0.0028370        
s       4.6250000              1.8916610        
s       3.7930000             -3.4310110        
s       1.3670000              2.0744460        

s       1.5280000             -0.0690350        
s       0.0967300              1.0203430        

s       0.0363600              1.0000000        

s       0.5183000              1.0000000        

p      56.0000000             -0.0031980        
p       4.6250000             -0.1037660        
p       3.7930000             -0.1275940        
p       1.3670000              1.1465330        

p       1.5280000             -0.0729900        
p       0.0967300              1.0086420        

p       0.0363600              1.0000000        

p       0.5183000              1.0000000        

d      10.3000000              0.0119610        
d       2.0440000              0.3645750        
d       0.8988000              0.6943160        

d       0.3443000              1.0000000        

d       0.1108000              1.0000000        

Rh 45 11 4 2 1 1 4 2 1 1 3 1 1

s      56.8700000             -0.0030870        
s       5.9450000              0.7005100        
s       4.0780000             -2.1608670        
s       1.5470000              2.0294340        

s       1.8940000             -0.0817000        
s       0.1179000              1.0233080        

s       0.0421900              1.0000000        

s       0.5963000              1.0000000        

p      56.8700000             -0.0037480        
p       5.9450000             -0.0147720        
p       4.0780000             -0.2689750        
p       1.5470000              1.1936040        

p       1.8940000             -0.0710930        
p       0.1179000              1.0082800        

p       0.0421900              1.0000000        

p       0.5963000              1.0000000        

d      11.5600000              0.0135190        
d       2.2400000              0.3700810        
d       1.0150000              0.6849360        

d       0.3960000              1.0000000        

d       0.1262000              1.0000000        

Pd 46 11 4 2 1 1 4 2 1 1 3 1 1

s      41.8200000             -0.0165220        
s       5.4600000              2.7494780        
s       4.6000000             -4.4573430        
s       1.7520000              2.2539330        

s       2.1770000             -0.0750290        
s       0.1149000              1.0190490        

s       0.0421900              1.0000000        

s       0.6691000              1.0000000        

p      41.8200000             -0.0055550        
p       5.4600000              0.0567730        
p       4.6000000             -0.3886410        
p       1.7520000              1.2319970        

p       2.1770000             -0.0561780        
p       0.1149000              1.0055150        

p       0.0421900              1.0000000        

p       0.6691000              1.0000000        

d      12.4000000              0.0137590        
d       2.4040000              0.3941210        
d       1.1430000              0.6559460        

d       0.4693000              1.0000000        

d       0.1513000              1.0000000        

Ag 47 11 4 2 1 1 4 2 1 1 3 1 1

s      63.5600000             -0.0007310        
s       6.3900000              1.3927360        
s       5.0220000             -2.8731020        
s       1.7890000              2.0173610        

s       2.4510000             -0.0725390        
s       0.1561000              1.0213580        

s       0.0522700              1.0000000        

s       0.6871000              1.0000000        

p      63.5600000             -0.0042340        
p       6.3900000              0.0612760        
p       5.0220000             -0.3387460        
p       1.7890000              1.1908320        

p       2.4510000             -0.0498300        
p       0.1561000              1.0065160        

p       0.0522700              1.0000000        

p       0.6871000              1.0000000        

d      14.6400000              0.0136280        
d       2.6930000              0.3726950        
d       1.2330000              0.6812940        

d       0.5057000              1.0000000        

d       0.1900000              1.0000000        

Cd 48 11 4 2 1 1 4 2 1 1 3 1 1

s      63.3800000             -0.0004640        
s       6.7140000              2.2928770        
s       5.6020000             -3.9028840        
s       1.9710000              2.0846040        

s       2.6960000             -0.0648660        
s       0.1758000              1.0196610        

s       0.0564700              1.0000000        

s       0.7689000              1.0000000        

p      63.3800000             -0.0048740        
p       6.7140000              0.1896300        
p       5.6020000             -0.4918720        
p       1.9710000              1.2135010        

p       2.6960000             -0.0533380        
p       0.1758000              1.0071020        

p       0.0564700              1.0000000        

p       0.7689000              1.0000000        

d      15.5100000              0.0120650        
d       2.9410000              0.3701680        
d       1.3790000              0.6807600        

d       0.5782000              1.0000000        

d       0.2300000              1.0000000        

In 49 11 4 1 2 1 4 1 2 1 3 1 1

s      71.7600000              0.0007330        
s       7.6540000              1.0897810        
s       5.6160000             -2.7310890        
s       2.1040000              2.1128440        

s       0.0826700              1.0000000        

s       2.6100000             -0.0996900        
s       0.1901000              1.0312300        

s       0.8410000              1.0000000        

p      71.7600000             -0.0045130        
p       7.6540000              0.0316150        
p       5.6160000             -0.3380060        
p       2.1040000              1.2134640        

p       0.0826700              1.0000000        

p       2.6100000             -0.1103170        
p       0.1901000              1.0139000        

p       0.8410000              1.0000000        

d      17.1600000              0.0148930        
d       3.1270000              0.3881350        
d       1.4750000              0.6626390        

d       0.6452000              1.0000000        

d       0.2754000              1.0000000        

Sn 50 4 4 1 4 1

s       2.6040000              0.0310420        
s       0.7532000             -0.6118590        
s       0.3191000              0.5481630        
s       0.1239000              0.8491500        

s       0.0479800              1.0000000        

p       2.6040000             -0.0050530        
p       0.7532000             -0.1801000        
p       0.3191000              0.3700680        
p       0.1239000              0.7813340        

p       0.0479800              1.0000000        

Sb 51 4 4 1 4 1

s       0.9922000              0.6900760        
s       0.8089000             -1.5804950        
s       0.4312000              0.8152480        
s       0.1498000              0.8949940        

s       0.0580300              1.0000000        

p       0.9922000              0.1802290        
p       0.8089000             -0.4870930        
p       0.4312000              0.4739360        
p       0.1498000              0.8044140        

p       0.0580300              1.0000000        

Te 52 4 4 1 4 1

s       2.3640000              0.0871790        
s       0.9769000             -0.7768260        
s       0.4647000              0.5632500        
s       0.1771000              0.9260530        

s       0.0673700              1.0000000        

p       2.3640000             -0.0039820        
p       0.9769000             -0.2369000        
p       0.4647000              0.4014670        
p       0.1771000              0.7931790        

p       0.0673700              1.0000000        

I 53 4 4 1 4 1

s       2.6250000              0.0736600        
s       1.0140000             -0.8368700        
s       0.5009000              0.6562470        
s       0.2023000              0.9007440        

s       0.0780000              1.0000000        

p       2.6250000             -0.0088800        
p       1.0140000             -0.2573510        
p       0.5009000              0.4553680        
p       0.2023000              0.7601070        

p       0.0780000              1.0000000        

Xe 54 4 4 1 4 1

s       1.7390000              0.3490910        
s       1.1690000             -1.1975120        
s       0.5765000              0.7584090        
s       0.2218000              0.8886990        

s       0.0848600              1.0000000        

p       1.7390000             -0.0054290        
p       1.1690000             -0.2773420        
p       0.5765000              0.4671890        
p       0.2218000              0.7634560        

p       0.0848600              1.0000000        

Cs 55 4 3 1 3 1

s       0.1157000             -0.5199940        
s       0.0531700              0.4933610        
s       0.0189700              0.8723120        

s       0.0077400              1.0000000        

p       0.1157000             -0.1505600        
p       0.0531700              0.2216020        
p       0.0189700              0.8964860        

p       0.0077400              1.0000000        

Ba 56 4 3 1 3 1

s       0.1266000             -1.5602870        
s       0.0943300              1.4825380        
s       0.0302000              0.8789170        

s       0.0153100              1.0000000        

p       0.1266000             -0.6866370        
p       0.0943300              0.8073460        
p       0.0302000              0.8224360        

p       0.0153100              1.0000000        

La 57 11 5 2 1 1 5 2 1 1 3 1 1

s       9.1730000             -0.0548330        
s       3.1200000              0.6766040        
s       2.1040000             -1.0344290        
s       1.3200000             -0.5189070        
s       0.4960000              1.6316030        

s       0.6182000             -0.1070950        
s       0.0454600              1.0334480        

s       0.0177500              1.0000000        

s       0.2004000              1.0000000        

p       9.1730000             -0.0097980        
p       3.1200000              0.2312620        
p       2.1040000             -0.6012150        
p       1.3200000              0.1951890        
p       0.4960000              1.0761370        

p       0.6182000             -0.0518690        
p       0.0454600              1.0081080        

p       0.0177500              1.0000000        

p       0.2004000              1.0000000        

d       1.2380000             -0.0537970        
d       0.6061000              0.3801440        
d       0.2518000              0.7203490        

d       0.0978700              1.0000000        

d       0.0353600              1.0000000        

XX 58 0

XX 59 0

XX 60 0

XX 61 0

XX 62 0

XX 63 0

XX 64 0

XX 65 0

XX 66 0

XX 67 0

XX 68 0

XX 69 0

XX 70 0

XX 71 0

Hf 72 11 4 1 1 1 4 1 1 1 3 1 1

s       4.7110000              0.4032730        
s       3.3310000             -0.9965400        
s       0.9844000              0.9793380        
s       0.3587000              0.4457910        

s       0.0856800              1.0000000        

s       0.0350000              1.0000000        

s       0.6448000              1.0000000        

p       4.7110000              0.0137910        
p       3.3310000             -0.1799910        
p       0.9844000              0.6936010        
p       0.3587000              0.4618770        

p       0.0856800              1.0000000        

p       0.0350000              1.0000000        

p       0.6448000              1.0000000        

d       3.2980000             -0.0050620        
d       0.9286000              0.4276360        
d       0.3405000              0.6679430        

d       0.1230000              1.0000000        

d       0.0426800              1.0000000        

Ta 73 11 4 1 1 1 4 1 1 1 3 1 1

s       5.5540000              0.2644290        
s       3.4360000             -0.8658430        
s       1.0330000              1.0085830        
s       0.3747000              0.4208260        

s       0.0934000              1.0000000        

s       0.0368400              1.0000000        

s       0.7315000              1.0000000        

p       5.5540000              0.0160920        
p       3.4360000             -0.1828620        
p       1.0330000              0.7224420        
p       0.3747000              0.4361680        

p       0.0934000              1.0000000        

p       0.0368400              1.0000000        

p       0.7315000              1.0000000        

d       3.4380000             -0.0107970        
d       1.0160000              0.4394740        
d       0.3733000              0.6589290        

d       0.1351000              1.0000000        

d       0.0480700              1.0000000        

W 74 11 4 1 1 1 4 1 1 1 3 1 1

s       4.3280000              1.9739600        
s       3.8980000             -2.6053770        
s       1.1080000              1.0529200        
s       0.4047000              0.4126130        

s       0.0977600              1.0000000        

s       0.0375000              1.0000000        

s       0.8219000              1.0000000        

p       4.3280000              0.1727520        
p       3.8980000             -0.3483720        
p       1.1080000              0.7274250        
p       0.4047000              0.4346350        

p       0.0977600              1.0000000        

p       0.0375000              1.0000000        

p       0.8219000              1.0000000        

d       3.6530000             -0.0162970        
d       1.1120000              0.4501080        
d       0.4148000              0.6488570        

d       0.1495000              1.0000000        

d       0.0525500              1.0000000        

Re 75 11 4 1 1 1 4 1 1 1 3 1 1

s       4.6660000              1.4517090        
s       4.0620000             -2.1017710        
s       1.1880000              1.0622950        
s       0.4339000              0.4166940        

s       0.1048000              1.0000000        

s       0.0398100              1.0000000        

s       0.9127000              1.0000000        

p       4.6660000              0.1564570        
p       4.0620000             -0.3429000        
p       1.1880000              0.7385950        
p       0.4339000              0.4320920        

p       0.1048000              1.0000000        

p       0.0398100              1.0000000        

p       0.9127000              1.0000000        

d       3.8460000             -0.0213600        
d       1.2160000              0.4562840        
d       0.4585000              0.6436060        

d       0.1659000              1.0000000        

d       0.0583600              1.0000000        

Os 76 11 4 1 1 1 4 1 1 1 3 1 1

s       5.0190000              1.7267290        
s       4.4440000             -2.3641850        
s       1.2300000              1.0704060        
s       0.4501000              0.3919560        

s       0.1104000              1.0000000        

s       0.0410100              1.0000000        

s       1.0020000              1.0000000        

p       5.0190000              0.2839560        
p       4.4440000             -0.4621630        
p       1.2300000              0.7632510        
p       0.4501000              0.4039440        

p       0.1104000              1.0000000        

p       0.0410100              1.0000000        

p       1.0020000              1.0000000        

d       3.8290000             -0.0281630        
d       1.3390000              0.4576330        
d       0.5165000              0.6425510        

d       0.1880000              1.0000000        

d       0.0655200              1.0000000        

Ir 77 11 4 1 1 1 4 1 1 1 3 1 1

s       5.5220000              1.0528490        
s       4.5790000             -1.6970010        
s       1.2890000              1.0876090        
s       0.4734000              0.3772300        

s       0.1159000              1.0000000        

s       0.0427600              1.0000000        

s       1.1160000              1.0000000        

p       5.5220000              0.1439880        
p       4.5790000             -0.3255630        
p       1.2890000              0.7764420        
p       0.4734000              0.3893280        

p       0.1159000              1.0000000        

p       0.0427600              1.0000000        

p       1.1160000              1.0000000        

d       4.3930000             -0.0253910        
d       1.4030000              0.4757180        
d       0.5593000              0.6181820        

d       0.2129000              1.0000000        

d       0.0763400              1.0000000        

Pt 78 11 4 1 1 1 4 1 1 1 3 1 1

s       6.6530000              0.2822560        
s       3.9950000             -1.0759670        
s       1.5410000              1.1312550        
s       0.5599000              0.4782410        

s       0.1277000              1.0000000        

s       0.0475400              1.0000000        

s       1.2000000              1.0000000        

p       6.6530000              0.0365750        
p       3.9950000             -0.2846060        
p       1.5410000              0.7523460        
p       0.5599000              0.4765850        

p       0.1277000              1.0000000        

p       0.0475400              1.0000000        

p       1.2000000              1.0000000        

d       4.6580000             -0.0263270        
d       1.4870000              0.4959950        
d       0.6093000              0.5948770        

d       0.2527000              1.0000000        

d       0.0950800              1.0000000        

Au 79 11 4 1 1 1 4 1 1 1 3 1 1

s       7.4190000              0.2225460        
s       4.0230000             -1.0860450        
s       1.6980000              1.1560390        
s       0.6271000              0.5180610        

s       0.1515000              1.0000000        

s       0.0492500              1.0000000        

s       1.5020000              1.0000000        

p       7.4190000              0.0199240        
p       4.0230000             -0.2999970        
p       1.6980000              0.7489190        
p       0.6271000              0.5040230        

p       0.1515000              1.0000000        

p       0.0492500              1.0000000        

p       1.5020000              1.0000000        

d       3.6300000             -0.0874020        
d       1.9120000              0.4686340        
d       0.8423000              0.6548050        

d       0.3756000              1.0000000        

d       0.1544000              1.0000000        

Hg 80 11 5 1 1 1 5 1 1 1 3 1 1

s      25.5400000             -0.0220410        
s       8.4580000              0.3098450        
s       4.4930000             -1.0809840        
s       1.7510000              1.0936000        
s       0.6753000              0.5192020        

s       0.1520000              1.0000000        

s       0.0478000              1.0000000        

s       1.5860000              1.0000000        

p      25.5400000             -0.0060680        
p       8.4580000              0.0630000        
p       4.4930000             -0.3145020        
p       1.7510000              0.7463980        
p       0.6753000              0.4872530        

p       0.1520000              1.0000000        

p       0.0478000              1.0000000        

p       1.5860000              1.0000000        

d       4.2040000             -0.0558490        
d       1.8710000              0.4782210        
d       0.8215000              0.6220060        

d       0.3700000              1.0000000        

d       0.1674000              1.0000000        

Tl 81 11 5 1 1 1 5 1 1 1 3 1 1

s      27.7200000             -0.0159390        
s       8.5830000              0.3072290        
s       4.6500000             -1.1245120        
s       1.8760000              1.1147980        
s       0.7369000              0.5317580        

s       0.1600000              1.0000000        

s       0.0618100              1.0000000        

s       1.6290000              1.0000000        

p      27.7200000             -0.0052810        
p       8.5830000              0.0724550        
p       4.6500000             -0.3434130        
p       1.8760000              0.7596200        
p       0.7369000              0.4895500        

p       0.1600000              1.0000000        

p       0.0618100              1.0000000        

p       1.6290000              1.0000000        

d       4.2840000             -0.0774320        
d       2.1360000              0.4554020        
d       0.9832000              0.6528920        

d       0.4500000              1.0000000        

d       0.2040000              1.0000000        

Pb 82 4 4 1 4 1

s       1.5340000              0.2256520        
s       0.9923000             -0.6589980        
s       0.2241000              0.7662140        
s       0.0966400              0.5009340        

s       0.0390000              1.0000000        

p       1.5340000              0.0282570        
p       0.9923000             -0.1406590        
p       0.2241000              0.4281320        
p       0.0966400              0.6634220        

p       0.0390000              1.0000000        

Bi 83 4 4 1 4 1

s       1.7460000              0.1623270        
s       0.9925000             -0.6538540        
s       0.2642000              0.8013500        
s       0.1135000              0.5168610        

s       0.0464200              1.0000000        

p       1.7460000              0.0160870        
p       0.9925000             -0.1582840        
p       0.2642000              0.4609320        
p       0.1135000              0.6497700        

p       0.0464200              1.0000000        

Po 84 4 4 1 4 1

s       1.8970000              0.1326900        
s       1.0000000             -0.6815460        
s       0.3107000              0.8401790        
s       0.1273000              0.5369420        

s       0.0510000              1.0000000        

p       1.8970000              0.0067960        
p       1.0000000             -0.1761420        
p       0.3107000              0.4900920        
p       0.1273000              0.6457590        

p       0.0510000              1.0000000        

At 85 4 4 1 4 1

s       2.6760000              0.0689730        
s       0.9805000             -0.7186680        
s       0.3598000              0.9171230        
s       0.1483000              0.5467490        

s       0.0588700              1.0000000        

p       2.6760000             -0.0026520        
p       0.9805000             -0.1949710        
p       0.3598000              0.5061720        
p       0.1483000              0.6531710        

p       0.0588700              1.0000000        

Rn 86 4 4 1 4 1

s       2.4890000              0.0828200        
s       1.0130000             -0.8032000        
s       0.4072000              0.9830730        
s       0.1646000              0.5530510        

s       0.0650000              1.0000000        

p       2.4890000              0.0047270        
p       1.0130000             -0.2311800        
p       0.4072000              0.5413540        
p       0.1646000              0.6477450        

p       0.0650000              1.0000000        

