CRENBL
BASIS:
H 1 4 1 1 1 1

s      13.3600000              1.0000000        

s       2.0130000              1.0000000        

s       0.4538000              1.0000000        

s       0.1233000              1.0000000        

He 2 21 1 1 1 1 1 1 1 1 1 1 1 1 1 1 1 1 1 1 1 1 1

s   52680.4659115022           1.0000000

s   26903.1860742976           1.0000000

s   13739.0854166734           1.0000000

s    7016.36109438300          1.0000000

s    3583.15866840946          1.0000000

s    1829.86962476550          1.0000000

s     934.489134729211         1.0000000

s     477.230689612032         1.0000000

s     243.715119463182         1.0000000

s     124.461944187287         1.0000000

s      63.5609952513412        1.0000000

s      32.4597220758638        1.0000000

s      16.5767315800501        1.0000000

s       8.46550778330153       1.0000000

s       4.32321786011102       1.0000000

s       2.20780762884063       1.0000000

s       1.12749685157938       1.0000000

s       0.575797063890465            1.0000000

s       0.294051604951678            1.0000000

s       0.150168091845475            1.0000000

s       7.668876968794860E-002            1.0000000

Li 3 8 1 1 1 1 1 1 1 1

s       3.7640000              1.0000000        

s       0.5641000              1.0000000        

s       0.0741700              1.0000000        

s       0.0283300              1.0000000        

p       1.4870000              1.0000000        

p       0.2681000              1.0000000        

p       0.0725200              1.0000000        

p       0.0238500              1.0000000        

Be 4 8 1 1 1 1 1 1 1 1

s       7.8900000              1.0000000        

s       1.3060000              1.0000000        

s       0.1702000              1.0000000        

s       0.0566800              1.0000000        

p       3.1530000              1.0000000        

p       0.6252000              1.0000000        

p       0.1772000              1.0000000        

p       0.0567300              1.0000000        

B 5 8 1 1 1 1 1 1 1 1

s       2.9260000              1.0000000        

s       0.2964000              1.0000000        

s       0.1306000              1.0000000        

s       0.0667300              1.0000000        

p       4.8640000              1.0000000        

p       1.0190000              1.0000000        

p       0.2879000              1.0000000        

p       0.0860100              1.0000000        

C 6 8 1 1 1 1 1 1 1 1

s       4.3620000              1.0000000        

s       0.4366000              1.0000000        

s       0.1723000              1.0000000        

s       0.0871600              1.0000000        

p       6.7870000              1.0000000        

p       1.4970000              1.0000000        

p       0.4297000              1.0000000        

p       0.1286000              1.0000000        

N 7 8 1 1 1 1 1 1 1 1

s       6.2610000              1.0000000        

s       0.6538000              1.0000000        

s       0.3152000              1.0000000        

s       0.1734000              1.0000000        

p      10.1100000              1.0000000        

p       2.2690000              1.0000000        

p       0.6487000              1.0000000        

p       0.1904000              1.0000000        

O 8 8 1 1 1 1 1 1 1 1

s       8.6570000              1.0000000        

s       0.8692000              1.0000000        

s       0.3994000              1.0000000        

s       0.1978000              1.0000000        

p      13.3400000              1.0000000        

p       3.0160000              1.0000000        

p       0.8489000              1.0000000        

p       0.2371000              1.0000000        

F 9 8 1 1 1 1 1 1 1 1

s      11.3800000              1.0000000        

s       1.1320000              1.0000000        

s       0.5625000              1.0000000        

s       0.2566000              1.0000000        

p      17.1600000              1.0000000        

p       3.8930000              1.0000000        

p       1.0880000              1.0000000        

p       0.2980000              1.0000000        

Ne 10 8 1 1 1 1 1 1 1 1

s      14.3000000              1.0000000        

s       1.5280000              1.0000000        

s       0.5842000              1.0000000        

s       0.3118000              1.0000000        

p      22.1200000              1.0000000        

p       5.1250000              1.0000000        

p       1.4330000              1.0000000        

p       0.3838000              1.0000000        

Na 11 10 1 1 1 1 1 1 1 1 1 1

s      15.6800000              1.0000000        

s       1.8360000              1.0000000        

s       0.5784000              1.0000000        

s       0.3132000              1.0000000        

s       0.0719100              1.0000000        

s       0.0291400              1.0000000        

p      25.2600000              1.0000000        

p       5.8950000              1.0000000        

p       1.7060000              1.0000000        

p       0.5024000              1.0000000        

Mg 12 10 1 1 1 1 1 1 1 1 1 1

s      19.3300000              1.0000000        

s       2.1480000              1.0000000        

s       0.7270000              1.0000000        

s       0.2206000              1.0000000        

s       0.0738100              1.0000000        

s       0.0239400              1.0000000        

p      24.4500000              1.0000000        

p       5.6900000              1.0000000        

p       1.6990000              1.0000000        

p       0.5505000              1.0000000        

Al 13 8 1 1 1 1 1 1 1 1

s       9.3510000              1.0000000        

s       0.9572000              1.0000000        

s       0.1586000              1.0000000        

s       0.0538100              1.0000000        

p       3.9060000              1.0000000        

p       1.5670000              1.0000000        

p       0.1977000              1.0000000        

p       0.0573000              1.0000000        

Si 14 8 1 1 1 1 1 1 1 1

s      11.0700000              1.0000000        

s       1.2210000              1.0000000        

s       0.2473000              1.0000000        

s       0.0862400              1.0000000        

p       6.6710000              1.0000000        

p       2.1200000              1.0000000        

p       0.2975000              1.0000000        

p       0.0886700              1.0000000        

P 15 8 1 1 1 1 1 1 1 1

s      14.1000000              1.0000000        

s       1.5020000              1.0000000        

s       0.3242000              1.0000000        

s       0.1135000              1.0000000        

p       8.1400000              1.0000000        

p       2.6480000              1.0000000        

p       0.4016000              1.0000000        

p       0.1218000              1.0000000        

S 16 8 1 1 1 1 1 1 1 1

s      17.0300000              1.0000000        

s       1.7770000              1.0000000        

s       0.4184000              1.0000000        

s       0.1449000              1.0000000        

p      11.8400000              1.0000000        

p       3.5990000              1.0000000        

p       0.5082000              1.0000000        

p       0.1492000              1.0000000        

Cl 17 8 1 1 1 1 1 1 1 1

s      21.5100000              1.0000000        

s       2.1450000              1.0000000        

s       0.5119000              1.0000000        

s       0.1799000              1.0000000        

p      14.5500000              1.0000000        

p       4.1790000              1.0000000        

p       0.6291000              1.0000000        

p       0.1830000              1.0000000        

Ar 18 8 1 1 1 1 1 1 1 1

s      25.9900000              1.0000000        

s       2.3360000              1.0000000        

s       0.6503000              1.0000000        

s       0.2240000              1.0000000        

p      16.4900000              1.0000000        

p       5.2550000              1.0000000        

p       0.7689000              1.0000000        

p       0.2223000              1.0000000        

K 19 9 1 1 1 1 1 1 1 1 1

s       2.8890000              1.0000000        

s       0.8196000              1.0000000        

s       0.3127000              1.0000000        

s       0.0338800              1.0000000        

s       0.0172500              1.0000000        

p       8.7140000              1.0000000        

p       1.0890000              1.0000000        

p       0.5906000              1.0000000        

p       0.2267000              1.0000000        

Ca 20 9 1 1 1 1 1 1 1 1 1

s       3.3350000              1.0000000        

s       0.9892000              1.0000000        

s       0.3977000              1.0000000        

s       0.0639400              1.0000000        

s       0.0267000              1.0000000        

p      10.5500000              1.0000000        

p       1.3260000              1.0000000        

p       0.7696000              1.0000000        

p       0.3007000              1.0000000        

Sc 21 19 1 1 1 1 1 1 1 1 1 1 1 1 1 1 1 1 1 1 1

s      36.5800000              1.0000000        

s      11.0400000              1.0000000        

s       4.4910000              1.0000000        

s       1.1290000              1.0000000        

s       0.4546000              1.0000000        

s       0.0775300              1.0000000        

s       0.0307900              1.0000000        

p      32.5900000              1.0000000        

p      13.2200000              1.0000000        

p       5.5840000              1.0000000        

p       2.1860000              1.0000000        

p       0.8950000              1.0000000        

p       0.3520000              1.0000000        

d      22.4300000              1.0000000        

d       6.0350000              1.0000000        

d       1.9790000              1.0000000        

d       0.6668000              1.0000000        

d       0.2182000              1.0000000        

d       0.0588000              1.0000000        

Ti 22 19 1 1 1 1 1 1 1 1 1 1 1 1 1 1 1 1 1 1 1

s      39.8100000              1.0000000        

s      12.2200000              1.0000000        

s       5.0090000              1.0000000        

s       1.2860000              1.0000000        

s       0.5128000              1.0000000        

s       0.0855800              1.0000000        

s       0.0330000              1.0000000        

p      36.3700000              1.0000000        

p      14.7800000              1.0000000        

p       6.2750000              1.0000000        

p       2.4790000              1.0000000        

p       1.0160000              1.0000000        

p       0.3982000              1.0000000        

d      25.9900000              1.0000000        

d       7.0860000              1.0000000        

d       2.3490000              1.0000000        

d       0.8002000              1.0000000        

d       0.2620000              1.0000000        

d       0.0720000              1.0000000        

V 23 19 1 1 1 1 1 1 1 1 1 1 1 1 1 1 1 1 1 1 1

s      43.2500000              1.0000000        

s      13.5100000              1.0000000        

s       5.5670000              1.0000000        

s       1.4520000              1.0000000        

s       0.5744000              1.0000000        

s       0.0928200              1.0000000        

s       0.0355300              1.0000000        

p      40.3200000              1.0000000        

p      16.4600000              1.0000000        

p       7.0240000              1.0000000        

p       2.7900000              1.0000000        

p       1.1460000              1.0000000        

p       0.4473000              1.0000000        

d      30.2200000              1.0000000        

d       8.2720000              1.0000000        

d       2.7580000              1.0000000        

d       0.9421000              1.0000000        

d       0.3053000              1.0000000        

d       0.0820000              1.0000000        

Cr 24 19 1 1 1 1 1 1 1 1 1 1 1 1 1 1 1 1 1 1 1

s      46.3700000              1.0000000        

s      14.8200000              1.0000000        

s       6.1330000              1.0000000        

s       1.6300000              1.0000000        

s       0.6412000              1.0000000        

s       0.0955100              1.0000000        

s       0.0375900              1.0000000        

p      43.2000000              1.0000000        

p      17.7800000              1.0000000        

p       7.6610000              1.0000000        

p       3.0770000              1.0000000        

p       1.2660000              1.0000000        

p       0.4935000              1.0000000        

d      34.0200000              1.0000000        

d       9.4320000              1.0000000        

d       3.1590000              1.0000000        

d       1.0800000              1.0000000        

d       0.3466000              1.0000000        

d       0.0912000              1.0000000        

Mn 25 19 1 1 1 1 1 1 1 1 1 1 1 1 1 1 1 1 1 1 1

s      49.1200000              1.0000000        

s      16.0900000              1.0000000        

s       6.7040000              1.0000000        

s       1.8050000              1.0000000        

s       0.7030000              1.0000000        

s       0.1064000              1.0000000        

s       0.0396200              1.0000000        

p      44.6100000              1.0000000        

p      18.6000000              1.0000000        

p       8.1380000              1.0000000        

p       3.3370000              1.0000000        

p       1.3790000              1.0000000        

p       0.5386000              1.0000000        

d      37.9000000              1.0000000        

d      10.5200000              1.0000000        

d       3.5380000              1.0000000        

d       1.2120000              1.0000000        

d       0.3879000              1.0000000        

d       0.1054000              1.0000000        

Fe 26 19 1 1 1 1 1 1 1 1 1 1 1 1 1 1 1 1 1 1 1

s      53.5000000              1.0000000        

s      17.7200000              1.0000000        

s       7.3770000              1.0000000        

s       2.0180000              1.0000000        

s       0.7799000              1.0000000        

s       0.1142000              1.0000000        

s       0.0418900              1.0000000        

p      49.1200000              1.0000000        

p      20.5000000              1.0000000        

p       8.9870000              1.0000000        

p       3.6820000              1.0000000        

p       1.5220000              1.0000000        

p       0.5927000              1.0000000        

d      41.4500000              1.0000000        

d      11.5400000              1.0000000        

d       3.8850000              1.0000000        

d       1.3240000              1.0000000        

d       0.4167000              1.0000000        

d       0.1133000              1.0000000        

Co 27 19 1 1 1 1 1 1 1 1 1 1 1 1 1 1 1 1 1 1 1

s      56.1200000              1.0000000        

s      18.9200000              1.0000000        

s       7.9520000              1.0000000        

s       2.1980000              1.0000000        

s       0.8467000              1.0000000        

s       0.1223000              1.0000000        

s       0.0441700              1.0000000        

p      49.2400000              1.0000000        

p      20.7500000              1.0000000        

p       9.2040000              1.0000000        

p       3.8180000              1.0000000        

p       1.5880000              1.0000000        

p       0.6247000              1.0000000        

d      44.9800000              1.0000000        

d      12.5700000              1.0000000        

d       4.2440000              1.0000000        

d       1.4430000              1.0000000        

d       0.4500000              1.0000000        

d       0.1219000              1.0000000        

Ni 28 19 1 1 1 1 1 1 1 1 1 1 1 1 1 1 1 1 1 1 1

s      59.2600000              1.0000000        

s      20.3700000              1.0000000        

s       8.5940000              1.0000000        

s       2.3940000              1.0000000        

s       0.9182000              1.0000000        

s       0.1302000              1.0000000        

s       0.0463900              1.0000000        

p      53.1700000              1.0000000        

p      22.3900000              1.0000000        

p       9.9280000              1.0000000        

p       4.1160000              1.0000000        

p       1.7100000              1.0000000        

p       0.6725000              1.0000000        

d      48.9400000              1.0000000        

d      13.7200000              1.0000000        

d       4.6400000              1.0000000        

d       1.5740000              1.0000000        

d       0.4864000              1.0000000        

d       0.1316000              1.0000000        

Cu 29 19 1 1 1 1 1 1 1 1 1 1 1 1 1 1 1 1 1 1 1

s      64.6300000              1.0000000        

s      22.1400000              1.0000000        

s       9.3470000              1.0000000        

s       2.6090000              1.0000000        

s       0.9972000              1.0000000        

s       0.1401000              1.0000000        

s       0.0493600              1.0000000        

p      60.4800000              1.0000000        

p      25.3600000              1.0000000        

p      11.1700000              1.0000000        

p       4.5640000              1.0000000        

p       1.8840000              1.0000000        

p       0.7347000              1.0000000        

d      53.6500000              1.0000000        

d      15.0700000              1.0000000        

d       5.1040000              1.0000000        

d       1.7270000              1.0000000        

d       0.5283000              1.0000000        

d       0.1491000              1.0000000        

Zn 30 19 1 1 1 1 1 1 1 1 1 1 1 1 1 1 1 1 1 1 1

s      68.5900000              1.0000000        

s      23.7100000              1.0000000        

s      10.0400000              1.0000000        

s       2.8100000              1.0000000        

s       1.0700000              1.0000000        

s       0.1470000              1.0000000        

s       0.0511400              1.0000000        

p      66.0800000              1.0000000        

p      27.6900000              1.0000000        

p      12.1800000              1.0000000        

p       4.9880000              1.0000000        

p       2.0580000              1.0000000        

p       0.7986000              1.0000000        

d      58.4100000              1.0000000        

d      16.4500000              1.0000000        

d       5.5760000              1.0000000        

d       1.8840000              1.0000000        

d       0.5723000              1.0000000        

d       0.1908000              1.0000000        

Ga 31 10 1 1 1 1 1 1 1 1 1 1

s       0.9738000              1.0000000        

s       0.2215000              1.0000000        

s       0.0765300              1.0000000        

p       1.7080000              1.0000000        

p       0.2018000              1.0000000        

p       0.0575000              1.0000000        

d      39.5600000              1.0000000        

d      10.6800000              1.0000000        

d       3.2800000              1.0000000        

d       0.9131000              1.0000000        

Ge 32 10 1 1 1 1 1 1 1 1 1 1

s       1.0180000              1.0000000        

s       0.3188000              1.0000000        

s       0.1030000              1.0000000        

p       1.8360000              1.0000000        

p       0.2622000              1.0000000        

p       0.0797600              1.0000000        

d      44.8800000              1.0000000        

d      12.2500000              1.0000000        

d       3.8320000              1.0000000        

d       1.1060000              1.0000000        

As 33 10 1 1 1 1 1 1 1 1 1 1

s       1.2210000              1.0000000        

s       0.3200000              1.0000000        

s       0.1138000              1.0000000        

p       1.9760000              1.0000000        

p       0.3232000              1.0000000        

p       0.1024000              1.0000000        

d      50.1400000              1.0000000        

d      13.8100000              1.0000000        

d       4.3830000              1.0000000        

d       1.3040000              1.0000000        

Se 34 10 1 1 1 1 1 1 1 1 1 1

s       1.3400000              1.0000000        

s       0.3717000              1.0000000        

s       0.1322000              1.0000000        

p       2.1420000              1.0000000        

p       0.3854000              1.0000000        

p       0.1195000              1.0000000        

d      55.1500000              1.0000000        

d      15.3800000              1.0000000        

d       4.9470000              1.0000000        

d       1.5060000              1.0000000        

Br 35 10 1 1 1 1 1 1 1 1 1 1

s       1.3800000              1.0000000        

s       0.5223000              1.0000000        

s       0.1727000              1.0000000        

p       2.5370000              1.0000000        

p       0.4497000              1.0000000        

p       0.1396000              1.0000000        

d      62.4100000              1.0000000        

d      17.2700000              1.0000000        

d       5.5830000              1.0000000        

d       1.7320000              1.0000000        

Kr 36 10 1 1 1 1 1 1 1 1 1 1

s       1.5970000              1.0000000        

s       0.4865000              1.0000000        

s       0.1694000              1.0000000        

p       2.6660000              1.0000000        

p       0.5176000              1.0000000        

p       0.1618000              1.0000000        

d      68.5300000              1.0000000        

d      19.0200000              1.0000000        

d       6.1950000              1.0000000        

d       1.9540000              1.0000000        

Rb 37 10 1 1 1 1 1 1 1 1 1 1

s       1.3850000              1.0000000        

s       0.9859000              1.0000000        

s       0.2822000              1.0000000        

s       0.0322000              1.0000000        

s       0.0162500              1.0000000        

p       3.0700000              1.0000000        

p       0.6119000              1.0000000        

p       0.2125000              1.0000000        

p       0.0319000              1.0000000        

p       0.0124000              1.0000000        

Sr 38 10 1 1 1 1 1 1 1 1 1 1

s       1.5530000              1.0000000        

s       1.0710000              1.0000000        

s       0.3344000              1.0000000        

s       0.0581800              1.0000000        

s       0.0256700              1.0000000        

p       3.0040000              1.0000000        

p       0.7418000              1.0000000        

p       0.2801000              1.0000000        

p       0.0570000              1.0000000        

p       0.0222000              1.0000000        

Y 39 14 1 1 1 1 1 1 1 1 1 1 1 1 1 1

s       2.0630000              1.0000000        

s       0.7347000              1.0000000        

s       0.2967000              1.0000000        

s       0.0823300              1.0000000        

s       0.0314200              1.0000000        

p       3.5640000              1.0000000        

p       0.7957000              1.0000000        

p       0.3022000              1.0000000        

p       0.0629000              1.0000000        

p       0.0223000              1.0000000        

d       1.3620000              1.0000000        

d       0.6011000              1.0000000        

d       0.2089000              1.0000000        

d       0.0685100              1.0000000        

Zr 40 14 1 1 1 1 1 1 1 1 1 1 1 1 1 1

s       1.8540000              1.0000000        

s       1.1640000              1.0000000        

s       0.3878000              1.0000000        

s       0.0832800              1.0000000        

s       0.0333600              1.0000000        

p       3.5060000              1.0000000        

p       0.9009000              1.0000000        

p       0.3346000              1.0000000        

p       0.0724000              1.0000000        

p       0.0243000              1.0000000        

d       1.5900000              1.0000000        

d       0.7796000              1.0000000        

d       0.2955000              1.0000000        

d       0.0958700              1.0000000        

Nb 41 14 1 1 1 1 1 1 1 1 1 1 1 1 1 1

s       1.9860000              1.0000000        

s       1.3540000              1.0000000        

s       0.4385000              1.0000000        

s       0.0884100              1.0000000        

s       0.0361300              1.0000000        

p       3.9860000              1.0000000        

p       1.0130000              1.0000000        

p       0.3801000              1.0000000        

p       0.0752000              1.0000000        

p       0.0247000              1.0000000        

d       1.6100000              1.0000000        

d       0.8607000              1.0000000        

d       0.3356000              1.0000000        

d       0.1084000              1.0000000        

Mo 42 14 1 1 1 1 1 1 1 1 1 1 1 1 1 1

s       2.4300000              1.0000000        

s       1.1450000              1.0000000        

s       0.4134000              1.0000000        

s       0.0897100              1.0000000        

s       0.0374100              1.0000000        

p       4.4830000              1.0000000        

p       1.0950000              1.0000000        

p       0.4120000              1.0000000        

p       0.0780000              1.0000000        

p       0.0247000              1.0000000        

d       1.8660000              1.0000000        

d       0.9759000              1.0000000        

d       0.3842000              1.0000000        

d       0.1270000              1.0000000        

Tc 43 14 1 1 1 1 1 1 1 1 1 1 1 1 1 1

s       2.8970000              1.0000000        

s       1.1410000              1.0000000        

s       0.4814000              1.0000000        

s       0.1079000              1.0000000        

s       0.0390800              1.0000000        

p       4.3210000              1.0000000        

p       1.2290000              1.0000000        

p       0.4700000              1.0000000        

p       0.0895000              1.0000000        

p       0.0246000              1.0000000        

d       2.1690000              1.0000000        

d       1.1180000              1.0000000        

d       0.4666000              1.0000000        

d       0.1675000              1.0000000        

Ru 44 14 1 1 1 1 1 1 1 1 1 1 1 1 1 1

s       2.9320000              1.0000000        

s       1.2110000              1.0000000        

s       0.4243000              1.0000000        

s       0.1101000              1.0000000        

s       0.0395200              1.0000000        

p       4.9440000              1.0000000        

p       1.3060000              1.0000000        

p       0.4891000              1.0000000        

p       0.0830000              1.0000000        

p       0.0250000              1.0000000        

d       2.2850000              1.0000000        

d       1.2590000              1.0000000        

d       0.5012000              1.0000000        

d       0.1635000              1.0000000        

Rh 45 14 1 1 1 1 1 1 1 1 1 1 1 1 1 1

s       3.0500000              1.0000000        

s       1.3680000              1.0000000        

s       0.4875000              1.0000000        

s       0.1025000              1.0000000        

s       0.0371000              1.0000000        

p       5.2350000              1.0000000        

p       1.4880000              1.0000000        

p       0.5655000              1.0000000        

p       0.0869000              1.0000000        

p       0.0257000              1.0000000        

d       2.9160000              1.0000000        

d       1.5480000              1.0000000        

d       0.6070000              1.0000000        

d       0.1955000              1.0000000        

Pd 46 14 1 1 1 1 1 1 1 1 1 1 1 1 1 1

s       3.3170000              1.0000000        

s       1.4330000              1.0000000        

s       0.5058000              1.0000000        

s       0.1186000              1.0000000        

s       0.0414000              1.0000000        

p       5.0850000              1.0000000        

p       1.5600000              1.0000000        

p       0.5804000              1.0000000        

p       0.0899000              1.0000000        

p       0.0262000              1.0000000        

d       2.7930000              1.0000000        

d       1.5530000              1.0000000        

d       0.6220000              1.0000000        

d       0.2038000              1.0000000        

Ag 47 14 1 1 1 1 1 1 1 1 1 1 1 1 1 1

s       2.7550000              1.0000000        

s       2.2830000              1.0000000        

s       0.6654000              1.0000000        

s       0.1015000              1.0000000        

s       0.0365600              1.0000000        

p       5.5940000              1.0000000        

p       1.6830000              1.0000000        

p       0.6177000              1.0000000        

p       0.0833000              1.0000000        

p       0.0252000              1.0000000        

d       2.6510000              1.0000000        

d       1.4570000              1.0000000        

d       0.6517000              1.0000000        

d       0.2210000              1.0000000        

Cd 48 14 1 1 1 1 1 1 1 1 1 1 1 1 1 1

s       3.4160000              1.0000000        

s       1.9340000              1.0000000        

s       0.6238000              1.0000000        

s       0.1397000              1.0000000        

s       0.0475600              1.0000000        

p       6.0850000              1.0000000        

p       1.8540000              1.0000000        

p       0.7771000              1.0000000        

p       0.1287000              1.0000000        

p       0.0405000              1.0000000        

d       3.0980000              1.0000000        

d       1.5680000              1.0000000        

d       0.6716000              1.0000000        

d       0.2427000              1.0000000        

In 49 10 1 1 1 1 1 1 1 1 1 1

s       0.5332000              1.0000000        

s       0.2776000              1.0000000        

s       0.0746000              1.0000000        

p       0.9011000              1.0000000        

p       0.1535000              1.0000000        

p       0.0472000              1.0000000        

d       2.8840000              1.0000000        

d       1.2590000              1.0000000        

d       0.5376000              1.0000000        

d       0.2129000              1.0000000        

Sn 50 10 1 1 1 1 1 1 1 1 1 1

s       0.5541000              1.0000000        

s       0.3584000              1.0000000        

s       0.0938000              1.0000000        

p       0.9270000              1.0000000        

p       0.1967000              1.0000000        

p       0.0642000              1.0000000        

d       3.1200000              1.0000000        

d       1.3864000              1.0000000        

d       0.6053000              1.0000000        

d       0.2423000              1.0000000        

Sb 51 10 1 1 1 1 1 1 1 1 1 1

s       0.5598000              1.0000000        

s       0.4423000              1.0000000        

s       0.1121000              1.0000000        

p       0.9976000              1.0000000        

p       0.2405000              1.0000000        

p       0.0814000              1.0000000        

d       3.5213000              1.0000000        

d       1.6791000              1.0000000        

d       0.7781000              1.0000000        

d       0.3187000              1.0000000        

Te 52 10 1 1 1 1 1 1 1 1 1 1

s       0.6387000              1.0000000        

s       0.4669000              1.0000000        

s       0.1264000              1.0000000        

p       1.0795000              1.0000000        

p       0.3084000              1.0000000        

p       0.1033000              1.0000000        

d       3.7879000              1.0000000        

d       2.4577000              1.0000000        

d       1.2071000              1.0000000        

d       0.4707000              1.0000000        

I 53 10 1 1 1 1 1 1 1 1 1 1

s       0.6803000              1.0000000        

s       0.5208000              1.0000000        

s       0.1143000              1.0000000        

p       1.1250000              1.0000000        

p       0.3508000              1.0000000        

p       0.1166000              1.0000000        

d       3.9502000              1.0000000        

d       2.5742000              1.0000000        

d       1.3071000              1.0000000        

d       0.5116000              1.0000000        

Xe 54 10 1 1 1 1 1 1 1 1 1 1

s       0.7127000              1.0000000        

s       0.5719000              1.0000000        

s       0.1519000              1.0000000        

p       1.2353000              1.0000000        

p       0.3726000              1.0000000        

p       0.1229000              1.0000000        

d       4.5119000              1.0000000        

d       2.4799000              1.0000000        

d       1.2983000              1.0000000        

d       0.5435000              1.0000000        

Cs 55 14 1 1 1 1 1 1 1 1 1 1 1 1 1 1

s       0.8433000              1.0000000        

s       0.5655000              1.0000000        

s       0.1766000              1.0000000        

s       0.0327000              1.0000000        

s       0.0167000              1.0000000        

p       1.4640000              1.0000000        

p       0.4231000              1.0000000        

p       0.1560000              1.0000000        

p       0.0279000              1.0000000        

p       0.0113000              1.0000000        

d       1.6150000              1.0000000        

d       0.4547000              1.0000000        

d       0.1690000              1.0000000        

d       0.0307000              1.0000000        

Ba 56 14 1 1 1 1 1 1 1 1 1 1 1 1 1 1

s       0.8292000              1.0000000        

s       0.6845000              1.0000000        

s       0.1949000              1.0000000        

s       0.0681000              1.0000000        

s       0.0258000              1.0000000        

p       1.4480000              1.0000000        

p       0.5036000              1.0000000        

p       0.1981000              1.0000000        

p       0.0476000              1.0000000        

p       0.0193000              1.0000000        

d       1.7660000              1.0000000        

d       0.5269000              1.0000000        

d       0.2000000              1.0000000        

d       0.0527000              1.0000000        

La 57 14 1 1 1 1 1 1 1 1 1 1 1 1 1 1

s       0.8937000              1.0000000        

s       0.7319000              1.0000000        

s       0.2138000              1.0000000        

s       0.0642000              1.0000000        

s       0.0279000              1.0000000        

p       1.5660000              1.0000000        

p       0.5698000              1.0000000        

p       0.2199000              1.0000000        

p       0.0403000              1.0000000        

p       0.0179000              1.0000000        

d       1.9000000              1.0000000        

d       0.4433000              1.0000000        

d       0.1625000              1.0000000        

d       0.0555000              1.0000000        

Ce 58 24 1 1 1 1 1 1 1 1 1 1 1 1 1 1 1 1 1 1 1 1 1 1 1 1

s       0.9018000              1.0000000        

s       0.3558000              1.0000000        

s       0.2580000              1.0000000        

s       0.0671900              1.0000000        

s       0.0316900              1.0000000        

s       0.0147100              1.0000000        

p       1.8540000              1.0000000        

p       0.2073000              1.0000000        

p       0.1229000              1.0000000        

p       0.0581400              1.0000000        

p       0.0283300              1.0000000        

p       0.0123400              1.0000000        

d       3.6790000              1.0000000        

d       0.5340000              1.0000000        

d       0.2463000              1.0000000        

d       0.1281000              1.0000000        

d       0.0643300              1.0000000        

d       0.0295600              1.0000000        

f      54.7400000              1.0000000        

f      18.2400000              1.0000000        

f       6.9560000              1.0000000        

f       2.7930000              1.0000000        

f       1.0680000              1.0000000        

f       0.3499000              1.0000000        

Pr 59 24 1 1 1 1 1 1 1 1 1 1 1 1 1 1 1 1 1 1 1 1 1 1 1 1

s       2.5680000              1.0000000        

s       0.3517000              1.0000000        

s       0.3036000              1.0000000        

s       0.0551200              1.0000000        

s       0.0279600              1.0000000        

s       0.0145000              1.0000000        

p       0.9555000              1.0000000        

p       0.6262000              1.0000000        

p       0.4320000              1.0000000        

p       0.0877400              1.0000000        

p       0.0331500              1.0000000        

p       0.0209600              1.0000000        

d       4.4590000              1.0000000        

d       0.5570000              1.0000000        

d       0.2596000              1.0000000        

d       0.1362000              1.0000000        

d       0.0655700              1.0000000        

d       0.0285700              1.0000000        

f      59.5500000              1.0000000        

f      18.2700000              1.0000000        

f       7.2230000              1.0000000        

f       2.8290000              1.0000000        

f       1.0500000              1.0000000        

f       0.3390000              1.0000000        

Nd 60 24 1 1 1 1 1 1 1 1 1 1 1 1 1 1 1 1 1 1 1 1 1 1 1 1

s       2.5290000              1.0000000        

s       0.3766000              1.0000000        

s       0.3073000              1.0000000        

s       0.0559200              1.0000000        

s       0.0278100              1.0000000        

s       0.0143400              1.0000000        

p       2.1700000              1.0000000        

p       0.3192000              1.0000000        

p       0.1009000              1.0000000        

p       0.0498500              1.0000000        

p       0.0301000              1.0000000        

p       0.0119700              1.0000000        

d       4.3030000              1.0000000        

d       0.5902000              1.0000000        

d       0.2741000              1.0000000        

d       0.1425000              1.0000000        

d       0.0700900              1.0000000        

d       0.0317300              1.0000000        

f      62.6400000              1.0000000        

f      19.7100000              1.0000000        

f       7.8250000              1.0000000        

f       3.0620000              1.0000000        

f       1.1430000              1.0000000        

f       0.3711000              1.0000000        

Pm 61 24 1 1 1 1 1 1 1 1 1 1 1 1 1 1 1 1 1 1 1 1 1 1 1 1

s       2.3480000              1.0000000        

s       0.3778000              1.0000000        

s       0.3058000              1.0000000        

s       0.0554400              1.0000000        

s       0.0276800              1.0000000        

s       0.0143500              1.0000000        

p       2.4190000              1.0000000        

p       0.3014000              1.0000000        

p       0.1093000              1.0000000        

p       0.0466300              1.0000000        

p       0.0171300              1.0000000        

p       0.0098150              1.0000000        

d       4.2670000              1.0000000        

d       0.6316000              1.0000000        

d       0.2996000              1.0000000        

d       0.1536000              1.0000000        

d       0.0724700              1.0000000        

d       0.0317500              1.0000000        

f      70.8100000              1.0000000        

f      23.1300000              1.0000000        

f       9.1960000              1.0000000        

f       3.6410000              1.0000000        

f       1.4020000              1.0000000        

f       0.4748000              1.0000000        

Sm 62 24 1 1 1 1 1 1 1 1 1 1 1 1 1 1 1 1 1 1 1 1 1 1 1 1

s      21.5900000              1.0000000        

s       0.3692000              1.0000000        

s       0.2862000              1.0000000        

s       0.1221000              1.0000000        

s       0.0446200              1.0000000        

s       0.0193600              1.0000000        

p       2.7330000              1.0000000        

p       0.2053000              1.0000000        

p       0.1191000              1.0000000        

p       0.0483700              1.0000000        

p       0.0288700              1.0000000        

p       0.0165400              1.0000000        

d       4.2730000              1.0000000        

d       0.6648000              1.0000000        

d       0.3131000              1.0000000        

d       0.1585000              1.0000000        

d       0.0755800              1.0000000        

d       0.0338100              1.0000000        

f      76.0000000              1.0000000        

f      25.7200000              1.0000000        

f      10.2600000              1.0000000        

f       4.1290000              1.0000000        

f       1.6300000              1.0000000        

f       0.5688000              1.0000000        

Eu 63 24 1 1 1 1 1 1 1 1 1 1 1 1 1 1 1 1 1 1 1 1 1 1 1 1

s      16.4800000              1.0000000        

s       0.4074000              1.0000000        

s       0.2855000              1.0000000        

s       0.1213000              1.0000000        

s       0.0453300              1.0000000        

s       0.0196300              1.0000000        

p       2.8170000              1.0000000        

p       0.2188000              1.0000000        

p       0.1140000              1.0000000        

p       0.0474800              1.0000000        

p       0.0240400              1.0000000        

p       0.0127000              1.0000000        

d       4.8290000              1.0000000        

d       0.6861000              1.0000000        

d       0.3226000              1.0000000        

d       0.1630000              1.0000000        

d       0.0765000              1.0000000        

d       0.0336600              1.0000000        

f      74.3400000              1.0000000        

f      24.3900000              1.0000000        

f       9.6550000              1.0000000        

f       3.7850000              1.0000000        

f       1.4250000              1.0000000        

f       0.4641000              1.0000000        

Gd 64 24 1 1 1 1 1 1 1 1 1 1 1 1 1 1 1 1 1 1 1 1 1 1 1 1

s      17.4000000              1.0000000        

s       0.4215000              1.0000000        

s       0.2946000              1.0000000        

s       0.1237000              1.0000000        

s       0.0464700              1.0000000        

s       0.0200400              1.0000000        

p       2.8130000              1.0000000        

p       0.1974000              1.0000000        

p       0.1504000              1.0000000        

p       0.0640600              1.0000000        

p       0.0436700              1.0000000        

p       0.0199100              1.0000000        

d       4.8620000              1.0000000        

d       0.7236000              1.0000000        

d       0.3426000              1.0000000        

d       0.1702000              1.0000000        

d       0.0785500              1.0000000        

d       0.0342800              1.0000000        

f      79.0300000              1.0000000        

f      25.7300000              1.0000000        

f      10.1900000              1.0000000        

f       3.9860000              1.0000000        

f       1.4930000              1.0000000        

f       0.4816000              1.0000000        

Tb 65 24 1 1 1 1 1 1 1 1 1 1 1 1 1 1 1 1 1 1 1 1 1 1 1 1

s      17.5500000              1.0000000        

s       0.6583000              1.0000000        

s       0.2507000              1.0000000        

s       0.1322000              1.0000000        

s       0.0473200              1.0000000        

s       0.0221400              1.0000000        

p       2.7960000              1.0000000        

p       0.2043000              1.0000000        

p       0.1503000              1.0000000        

p       0.0651700              1.0000000        

p       0.0419900              1.0000000        

p       0.0195600              1.0000000        

d       4.9970000              1.0000000        

d       0.7526000              1.0000000        

d       0.3470000              1.0000000        

d       0.1721000              1.0000000        

d       0.0811100              1.0000000        

d       0.0360300              1.0000000        

f      85.7900000              1.0000000        

f      27.7600000              1.0000000        

f      10.9800000              1.0000000        

f       4.2790000              1.0000000        

f       1.5920000              1.0000000        

f       0.5063000              1.0000000        

Dy 66 24 1 1 1 1 1 1 1 1 1 1 1 1 1 1 1 1 1 1 1 1 1 1 1 1

s      14.8900000              1.0000000        

s       0.8004000              1.0000000        

s       0.2464000              1.0000000        

s       0.1324000              1.0000000        

s       0.0472000              1.0000000        

s       0.0229600              1.0000000        

p       4.8570000              1.0000000        

p       0.2386000              1.0000000        

p       0.1759000              1.0000000        

p       0.0729600              1.0000000        

p       0.0298900              1.0000000        

p       0.0075000              1.0000000        

d       5.9300000              1.0000000        

d       0.8184000              1.0000000        

d       0.3938000              1.0000000        

d       0.1862000              1.0000000        

d       0.0798200              1.0000000        

d       0.0295600              1.0000000        

f      91.0600000              1.0000000        

f      30.8800000              1.0000000        

f      11.7900000              1.0000000        

f       4.5810000              1.0000000        

f       1.7020000              1.0000000        

f       0.5375000              1.0000000        

Ho 67 24 1 1 1 1 1 1 1 1 1 1 1 1 1 1 1 1 1 1 1 1 1 1 1 1

s      11.0700000              1.0000000        

s       0.4329000              1.0000000        

s       0.3406000              1.0000000        

s       0.1436000              1.0000000        

s       0.0478600              1.0000000        

s       0.0191600              1.0000000        

p       2.5840000              1.0000000        

p       0.5200000              1.0000000        

p       0.2019000              1.0000000        

p       0.0758900              1.0000000        

p       0.0270600              1.0000000        

p       0.0071980              1.0000000        

d       5.3680000              1.0000000        

d       0.8922000              1.0000000        

d       0.3919000              1.0000000        

d       0.1863000              1.0000000        

d       0.0827100              1.0000000        

d       0.0305400              1.0000000        

f     101.6000000              1.0000000        

f      34.3800000              1.0000000        

f      12.9400000              1.0000000        

f       5.0410000              1.0000000        

f       1.8750000              1.0000000        

f       0.5896000              1.0000000        

Er 68 24 1 1 1 1 1 1 1 1 1 1 1 1 1 1 1 1 1 1 1 1 1 1 1 1

s      18.0900000              1.0000000        

s       0.5156000              1.0000000        

s       0.3522000              1.0000000        

s       0.0746900              1.0000000        

s       0.0348700              1.0000000        

s       0.0163300              1.0000000        

p       2.4370000              1.0000000        

p       0.2513000              1.0000000        

p       0.1799000              1.0000000        

p       0.0713700              1.0000000        

p       0.0345900              1.0000000        

p       0.0165900              1.0000000        

d       6.3310000              1.0000000        

d       0.8450000              1.0000000        

d       0.3822000              1.0000000        

d       0.1807000              1.0000000        

d       0.0829500              1.0000000        

d       0.0361400              1.0000000        

f     104.5000000              1.0000000        

f      35.8800000              1.0000000        

f      13.5500000              1.0000000        

f       5.3260000              1.0000000        

f       1.9790000              1.0000000        

f       0.6187000              1.0000000        

Tm 69 24 1 1 1 1 1 1 1 1 1 1 1 1 1 1 1 1 1 1 1 1 1 1 1 1

s      13.2500000              1.0000000        

s       0.5350000              1.0000000        

s       0.3677000              1.0000000        

s       0.0739500              1.0000000        

s       0.0345600              1.0000000        

s       0.0165900              1.0000000        

p       2.4040000              1.0000000        

p       0.2581000              1.0000000        

p       0.1840000              1.0000000        

p       0.0713600              1.0000000        

p       0.0345600              1.0000000        

p       0.0163500              1.0000000        

d       6.4840000              1.0000000        

d       0.8741000              1.0000000        

d       0.3826000              1.0000000        

d       0.1797000              1.0000000        

d       0.0860400              1.0000000        

d       0.0383400              1.0000000        

f     106.5000000              1.0000000        

f      35.6900000              1.0000000        

f      13.5400000              1.0000000        

f       5.2990000              1.0000000        

f       1.9700000              1.0000000        

f       0.6162000              1.0000000        

Yb 70 24 1 1 1 1 1 1 1 1 1 1 1 1 1 1 1 1 1 1 1 1 1 1 1 1

s      15.0100000              1.0000000        

s       0.4727000              1.0000000        

s       0.3908000              1.0000000        

s       0.1131000              1.0000000        

s       0.0436700              1.0000000        

s       0.0150300              1.0000000        

p       1.4250000              1.0000000        

p       0.2992000              1.0000000        

p       0.2278000              1.0000000        

p       0.0831900              1.0000000        

p       0.0290400              1.0000000        

p       0.0729000              1.0000000        

d       7.0050000              1.0000000        

d       0.9656000              1.0000000        

d       0.4348000              1.0000000        

d       0.1782000              1.0000000        

d       0.0896600              1.0000000        

d       0.0297500              1.0000000        

f     125.5000000              1.0000000        

f      40.5500000              1.0000000        

f      14.9800000              1.0000000        

f       5.8600000              1.0000000        

f       2.1690000              1.0000000        

f       0.6722000              1.0000000        

Lu 71 24 1 1 1 1 1 1 1 1 1 1 1 1 1 1 1 1 1 1 1 1 1 1 1 1

s       5.4060000              1.0000000        

s       0.5869000              1.0000000        

s       0.4803000              1.0000000        

s       0.0870100              1.0000000        

s       0.0418900              1.0000000        

s       0.0192600              1.0000000        

p       1.1320000              1.0000000        

p       0.6640000              1.0000000        

p       0.3620000              1.0000000        

p       0.1092000              1.0000000        

p       0.0482600              1.0000000        

p       0.0206200              1.0000000        

d       9.1770000              1.0000000        

d       0.8922000              1.0000000        

d       0.3919000              1.0000000        

d       0.1863000              1.0000000        

d       0.0827100              1.0000000        

d       0.0341600              1.0000000        

f     120.7000000              1.0000000        

f      40.2300000              1.0000000        

f      15.3400000              1.0000000        

f       6.1610000              1.0000000        

f       2.3570000              1.0000000        

f       0.7718000              1.0000000        

Hf 72 14 1 1 1 1 1 1 1 1 1 1 1 1 1 1

s       2.5550000              1.0000000        

s       0.7010000              1.0000000        

s       0.4410000              1.0000000        

s       0.0936000              1.0000000        

s       0.0358000              1.0000000        

p       2.6086000              1.0000000        

p       1.5141000              1.0000000        

p       0.6290000              1.0000000        

p       0.2784000              1.0000000        

p       0.0999800              1.0000000        

d       0.8916000              1.0000000        

d       0.3470000              1.0000000        

d       0.1392000              1.0000000        

d       0.0546700              1.0000000        

Ta 73 14 1 1 1 1 1 1 1 1 1 1 1 1 1 1

s       5.2740000              1.0000000        

s       3.2025000              1.0000000        

s       1.3797000              1.0000000        

s       0.5454000              1.0000000        

s       0.0656000              1.0000000        

p       2.6352000              1.0000000        

p       1.8751000              1.0000000        

p       0.7722000              1.0000000        

p       0.3749000              1.0000000        

p       0.1585000              1.0000000        

d       0.9357000              1.0000000        

d       0.3664000              1.0000000        

d       0.1505000              1.0000000        

d       0.0615000              1.0000000        

W 74 14 1 1 1 1 1 1 1 1 1 1 1 1 1 1

s       2.8533000              1.0000000        

s       0.9067000              1.0000000        

s       0.2815000              1.0000000        

s       0.1102000              1.0000000        

s       0.0396900              1.0000000        

p       3.0085000              1.0000000        

p       1.7265000              1.0000000        

p       0.7364000              1.0000000        

p       0.3189000              1.0000000        

p       0.0904600              1.0000000        

d       1.0170000              1.0000000        

d       0.4026000              1.0000000        

d       0.1632000              1.0000000        

d       0.0653800              1.0000000        

Re 75 14 1 1 1 1 1 1 1 1 1 1 1 1 1 1

s       2.6760000              1.0000000        

s       1.1100000              1.0000000        

s       0.6429000              1.0000000        

s       0.1173000              1.0000000        

s       0.0459200              1.0000000        

p       3.1417000              1.0000000        

p       1.9360000              1.0000000        

p       0.8283000              1.0000000        

p       0.3795000              1.0000000        

p       0.1476000              1.0000000        

d       1.0623000              1.0000000        

d       0.4147000              1.0000000        

d       0.1673000              1.0000000        

d       0.0677100              1.0000000        

Os 76 14 1 1 1 1 1 1 1 1 1 1 1 1 1 1

s       2.2173000              1.0000000        

s       1.4811000              1.0000000        

s       0.3064000              1.0000000        

s       0.1404000              1.0000000        

s       0.0483300              1.0000000        

p       3.9040000              1.0000000        

p       1.4683000              1.0000000        

p       0.6801000              1.0000000        

p       0.3074000              1.0000000        

p       0.1063000              1.0000000        

d       1.1213000              1.0000000        

d       0.4306000              1.0000000        

d       0.1704000              1.0000000        

d       0.0681000              1.0000000        

Ir 77 14 1 1 1 1 1 1 1 1 1 1 1 1 1 1

s       2.1794000              1.0000000        

s       1.8365000              1.0000000        

s       0.5221000              1.0000000        

s       0.1462000              1.0000000        

s       0.0513900              1.0000000        

p       2.8117000              1.0000000        

p       2.4614000              1.0000000        

p       0.8901000              1.0000000        

p       0.3920000              1.0000000        

p       0.1447000              1.0000000        

d       1.2150000              1.0000000        

d       0.4725000              1.0000000        

d       0.1876000              1.0000000        

d       0.0745700              1.0000000        

Pt 78 14 1 1 1 1 1 1 1 1 1 1 1 1 1 1

s       2.3654000              1.0000000        

s       1.8045000              1.0000000        

s       0.5083000              1.0000000        

s       0.1484000              1.0000000        

s       0.0514800              1.0000000        

p       3.3722000              1.0000000        

p       2.5328000              1.0000000        

p       1.2740000              1.0000000        

p       0.6238000              1.0000000        

p       0.2210000              1.0000000        

d       1.4463000              1.0000000        

d       0.8898000              1.0000000        

d       0.3387000              1.0000000        

d       0.1320000              1.0000000        

Au 79 14 1 1 1 1 1 1 1 1 1 1 1 1 1 1

s       2.4651000              1.0000000        

s       1.9431000              1.0000000        

s       0.5613000              1.0000000        

s       0.1452000              1.0000000        

s       0.0503900              1.0000000        

p       3.5306000              1.0000000        

p       2.6122000              1.0000000        

p       0.9813000              1.0000000        

p       0.4266000              1.0000000        

p       0.1475000              1.0000000        

d       1.3366000              1.0000000        

d       0.5035000              1.0000000        

d       0.1940000              1.0000000        

d       0.0756000              1.0000000        

Hg 80 14 1 1 1 1 1 1 1 1 1 1 1 1 1 1

s       2.4957000              1.0000000        

s       2.0665000              1.0000000        

s       0.5553000              1.0000000        

s       0.1736000              1.0000000        

s       0.0587300              1.0000000        

p       3.7197000              1.0000000        

p       2.4806000              1.0000000        

p       1.0219000              1.0000000        

p       0.4514000              1.0000000        

p       0.1558000              1.0000000        

d       1.4419000              1.0000000        

d       0.5554000              1.0000000        

d       0.2163000              1.0000000        

d       0.0822400              1.0000000        

Tl 81 10 1 1 1 1 1 1 1 1 1 1

s       0.5736000              1.0000000        

s       0.2523000              1.0000000        

s       0.0779000              1.0000000        

p       0.7694000              1.0000000        

p       0.1494000              1.0000000        

p       0.0455000              1.0000000        

d       1.5228000              1.0000000        

d       0.5910000              1.0000000        

d       0.2299000              1.0000000        

d       0.0786000              1.0000000        

Pb 82 10 1 1 1 1 1 1 1 1 1 1

s       0.5920000              1.0000000        

s       0.3028000              1.0000000        

s       0.0922000              1.0000000        

p       0.7564000              1.0000000        

p       0.1876000              1.0000000        

p       0.0610000              1.0000000        

d       1.5888000              1.0000000        

d       0.6137000              1.0000000        

d       0.2339000              1.0000000        

d       0.0655000              1.0000000        

Bi 83 10 1 1 1 1 1 1 1 1 1 1

s       0.7002000              1.0000000        

s       0.3119000              1.0000000        

s       0.1103000              1.0000000        

p       0.8801000              1.0000000        

p       0.2207000              1.0000000        

p       0.0754000              1.0000000        

d       1.6909000              1.0000000        

d       0.6636000              1.0000000        

d       0.2529000              1.0000000        

d       0.0641000              1.0000000        

Po 84 10 1 1 1 1 1 1 1 1 1 1

s       0.6658000              1.0000000        

s       0.3696000              1.0000000        

s       0.1146000              1.0000000        

p       0.9172000              1.0000000        

p       0.2671000              1.0000000        

p       0.0873000              1.0000000        

d       1.8213000              1.0000000        

d       0.7440000              1.0000000        

d       0.2911000              1.0000000        

d       0.0810000              1.0000000        

At 85 10 1 1 1 1 1 1 1 1 1 1

s       0.7185000              1.0000000        

s       0.3553000              1.0000000        

s       0.1246000              1.0000000        

p       0.9293000              1.0000000        

p       0.2670000              1.0000000        

p       0.0876000              1.0000000        

d       1.8161000              1.0000000        

d       0.7396000              1.0000000        

d       0.2833000              1.0000000        

d       0.0800000              1.0000000        

Rn 86 10 1 1 1 1 1 1 1 1 1 1

s       0.7022000              1.0000000        

s       0.4115000              1.0000000        

s       0.1340000              1.0000000        

p       1.0369000              1.0000000        

p       0.3308000              1.0000000        

p       0.1108000              1.0000000        

d       2.1476000              1.0000000        

d       0.9666000              1.0000000        

d       0.4088000              1.0000000        

d       0.1302000              1.0000000        

Fr 87 14 1 1 1 1 1 1 1 1 1 1 1 1 1 1

s       0.7475000              1.0000000        

s       0.5133000              1.0000000        

s       0.2220000              1.0000000        

s       0.1800000              1.0000000        

s       0.0226000              1.0000000        

p       0.9503000              1.0000000        

p       0.4237000              1.0000000        

p       0.1567000              1.0000000        

p       0.0425000              1.0000000        

p       0.0249000              1.0000000        

d       0.8220000              1.0000000        

d       0.6784000              1.0000000        

d       0.1289000              1.0000000        

d       0.0247000              1.0000000        

Ra 88 14 1 1 1 1 1 1 1 1 1 1 1 1 1 1

s       0.8573000              1.0000000        

s       0.5490000              1.0000000        

s       0.1998000              1.0000000        

s       0.1631000              1.0000000        

s       0.0228000              1.0000000        

p       1.1518000              1.0000000        

p       0.4229000              1.0000000        

p       0.1640000              1.0000000        

p       0.0442000              1.0000000        

p       0.0172000              1.0000000        

d       1.6150000              1.0000000        

d       0.4550000              1.0000000        

d       0.1690000              1.0000000        

d       0.0310000              1.0000000        

Ac 89 18 1 1 1 1 1 1 1 1 1 1 1 1 1 1 1 1 1 1

s       0.9636000              1.0000000        

s       0.5266000              1.0000000        

s       0.1513000              1.0000000        

s       0.1194000              1.0000000        

s       0.0357000              1.0000000        

p       0.9402000              1.0000000        

p       0.6756000              1.0000000        

p       0.2585000              1.0000000        

p       0.0906000              1.0000000        

p       0.0289000              1.0000000        

d       1.3667000              1.0000000        

d       0.3422000              1.0000000        

d       0.1329000              1.0000000        

d       0.0463000              1.0000000        

f       0.1110000              1.0000000        

f       0.0239000              1.0000000        

f       0.0080000              1.0000000        

f       0.0032000              1.0000000        

Th 90 18 1 1 1 1 1 1 1 1 1 1 1 1 1 1 1 1 1 1

s       0.8559000              1.0000000        

s       0.6788000              1.0000000        

s       0.1687000              1.0000000        

s       0.0987000              1.0000000        

s       0.0331000              1.0000000        

p       1.0955000              1.0000000        

p       0.7035000              1.0000000        

p       0.2839000              1.0000000        

p       0.1166000              1.0000000        

p       0.0351000              1.0000000        

d       2.1232000              1.0000000        

d       0.3507000              1.0000000        

d       0.1351000              1.0000000        

d       0.0495000              1.0000000        

f       3.6871000              1.0000000        

f       1.4405000              1.0000000        

f       0.5334000              1.0000000        

f       0.1696000              1.0000000        

Pa 91 18 1 1 1 1 1 1 1 1 1 1 1 1 1 1 1 1 1 1

s       0.9652000              1.0000000        

s       0.6098000              1.0000000        

s       0.1636000              1.0000000        

s       0.0875000              1.0000000        

s       0.0303000              1.0000000        

p       1.1821000              1.0000000        

p       0.7366000              1.0000000        

p       0.2963000              1.0000000        

p       0.1203000              1.0000000        

p       0.0326000              1.0000000        

d       1.7027000              1.0000000        

d       0.3748000              1.0000000        

d       0.1417000              1.0000000        

d       0.0505000              1.0000000        

f       3.9144000              1.0000000        

f       1.5449000              1.0000000        

f       0.5737000              1.0000000        

f       0.1816000              1.0000000        

U 92 18 1 1 1 1 1 1 1 1 1 1 1 1 1 1 1 1 1 1

s       0.9978000              1.0000000        

s       0.7281000              1.0000000        

s       0.2132000              1.0000000        

s       0.1092000              1.0000000        

s       0.0346000              1.0000000        

p       1.4248000              1.0000000        

p       0.6453000              1.0000000        

p       0.2711000              1.0000000        

p       0.1019000              1.0000000        

p       0.0308000              1.0000000        

d       2.1505000              1.0000000        

d       0.3844000              1.0000000        

d       0.1419000              1.0000000        

d       0.0492000              1.0000000        

f       4.3777000              1.0000000        

f       1.7970000              1.0000000        

f       0.7050000              1.0000000        

f       0.2425000              1.0000000        

Np 93 18 1 1 1 1 1 1 1 1 1 1 1 1 1 1 1 1 1 1

s       1.0012000              1.0000000        

s       0.7687000              1.0000000        

s       0.2064000              1.0000000        

s       0.0988000              1.0000000        

s       0.0310000              1.0000000        

p       1.4945000              1.0000000        

p       0.6844000              1.0000000        

p       0.2952000              1.0000000        

p       0.1233000              1.0000000        

p       0.0328000              1.0000000        

d       2.7871000              1.0000000        

d       0.3930000              1.0000000        

d       0.1438000              1.0000000        

d       0.0503000              1.0000000        

f       4.3677000              1.0000000        

f       1.7779000              1.0000000        

f       0.6802000              1.0000000        

f       0.2239000              1.0000000        

Pu 94 18 1 1 1 1 1 1 1 1 1 1 1 1 1 1 1 1 1 1

s       1.0817000              1.0000000        

s       0.7457000              1.0000000        

s       0.2115000              1.0000000        

s       0.0774000              1.0000000        

s       0.0294000              1.0000000        

p       1.5611000              1.0000000        

p       0.7242000              1.0000000        

p       0.3081000              1.0000000        

p       0.1267000              1.0000000        

p       0.0340000              1.0000000        

d       2.6903000              1.0000000        

d       0.4088000              1.0000000        

d       0.1434000              1.0000000        

d       0.0478000              1.0000000        

f       4.4495000              1.0000000        

f       1.8334000              1.0000000        

f       0.7127000              1.0000000        

f       0.2395000              1.0000000        

Am 95 13 1 1 1 1 1 1 1 1 1 1 1 1 1

p       0.0433588              1.0000000        

p       0.0152267              1.0000000        

d      11.5158890              1.0000000        

d       1.9585446              1.0000000        

d       1.3284298              1.0000000        

d       0.5282669              1.0000000        

d       0.1531474              1.0000000        

d       0.0509499              1.0000000        

f       5.3774034              1.0000000        

f       2.4281957              1.0000000        

f       1.1237942              1.0000000        

f       0.4971558              1.0000000        

f       0.1964535              1.0000000        

Cm 96 13 1 1 1 1 1 1 1 1 1 1 1 1 1

p       0.0426398              1.0000000        

p       0.0154094              1.0000000        

d      11.0265260              1.0000000        

d       2.3919811              1.0000000        

d       1.3199383              1.0000000        

d       0.5460793              1.0000000        

d       0.1573956              1.0000000        

d       0.0522126              1.0000000        

f       5.3398412              1.0000000        

f       2.4037829              1.0000000        

f       1.1019327              1.0000000        

f       0.4826264              1.0000000        

f       0.1879217              1.0000000        

Bk 97 13 1 1 1 1 1 1 1 1 1 1 1 1 1

p       0.0439084              1.0000000        

p       0.0156209              1.0000000        

d      16.7548840              1.0000000        

d       2.2932401              1.0000000        

d       1.2577831              1.0000000        

d       0.5201191              1.0000000        

d       0.1554146              1.0000000        

d       0.0518245              1.0000000        

f       5.7033444              1.0000000        

f       2.5741569              1.0000000        

f       1.1748984              1.0000000        

f       0.5133695              1.0000000        

f       0.2000785              1.0000000        

Cf 98 13 1 1 1 1 1 1 1 1 1 1 1 1 1

p       0.0482689              1.0000000        

p       0.0163072              1.0000000        

d      20.7339090              1.0000000        

d       2.0937082              1.0000000        

d       1.5363060              1.0000000        

d       0.5954388              1.0000000        

d       0.1692088              1.0000000        

d       0.0554399              1.0000000        

f       6.0047068              1.0000000        

f       2.7325189              1.0000000        

f       1.3102299              1.0000000        

f       0.5833715              1.0000000        

f       0.2315253              1.0000000        

Es 99 13 1 1 1 1 1 1 1 1 1 1 1 1 1

p       0.0489932              1.0000000        

p       0.0167286              1.0000000        

d      14.9607040              1.0000000        

d       2.1642731              1.0000000        

d       1.5640496              1.0000000        

d       0.6108950              1.0000000        

d       0.1746284              1.0000000        

d       0.0569639              1.0000000        

f       6.1699240              1.0000000        

f       2.8361203              1.0000000        

f       1.3227024              1.0000000        

f       0.5862411              1.0000000        

f       0.2348108              1.0000000        

Fm 100 13 1 1 1 1 1 1 1 1 1 1 1 1 1

p       0.0486447              1.0000000        

p       0.0166478              1.0000000        

d      14.3727930              1.0000000        

d       2.6279910              1.0000000        

d       1.5581072              1.0000000        

d       0.6341563              1.0000000        

d       0.1793011              1.0000000        

d       0.0583133              1.0000000        

f       6.3362744              1.0000000        

f       2.8970511              1.0000000        

f       1.3538754              1.0000000        

f       0.5971338              1.0000000        

f       0.2371621              1.0000000        

Md 101 13 1 1 1 1 1 1 1 1 1 1 1 1 1

p       0.0516183              1.0000000        

p       0.0169365              1.0000000        

d      22.0297190              1.0000000        

d       2.1642731              1.0000000        

d       1.5673249              1.0000000        

d       0.6122855              1.0000000        

d       0.1797246              1.0000000        

d       0.0584055              1.0000000        

f       6.8582197              1.0000000        

f       3.1413322              1.0000000        

f       1.4417434              1.0000000        

f       0.6370828              1.0000000        

f       0.2554965              1.0000000        

No 102 13 1 1 1 1 1 1 1 1 1 1 1 1 1

p       0.0501206              1.0000000        

p       0.0163136              1.0000000        

d      20.2777110              1.0000000        

d       2.1438433              1.0000000        

d       1.8043526              1.0000000        

d       0.6688283              1.0000000        

d       0.1909842              1.0000000        

d       0.0614098              1.0000000        

f       7.3730206              1.0000000        

f       3.2225813              1.0000000        

f       1.3980402              1.0000000        

f       0.6139671              1.0000000        

f       0.2492495              1.0000000        

Lr 103 13 1 1 1 1 1 1 1 1 1 1 1 1 1

p       0.0563985              1.0000000        

p       0.0187504              1.0000000        

d      18.9171780              1.0000000        

d       2.5830972              1.0000000        

d       1.7557520              1.0000000        

d       0.6854340              1.0000000        

d       0.2187084              1.0000000        

d       0.0697719              1.0000000        

f       7.5803955              1.0000000        

f       3.4452695              1.0000000        

f       1.5715476              1.0000000        

f       0.7121435              1.0000000        

f       0.2980248              1.0000000        

Rf 104 13 1 1 1 1 1 1 1 1 1 1 1 1 1

p       0.0594585              1.0000000        

p       0.0173357              1.0000000        

d      17.2947070              1.0000000        

d       3.0860378              1.0000000        

d       1.7603053              1.0000000        

d       0.7093796              1.0000000        

d       0.2453532              1.0000000        

d       0.0801662              1.0000000        

f       7.6187816              1.0000000        

f       3.4633023              1.0000000        

f       1.5783319              1.0000000        

f       0.7232524              1.0000000        

f       0.3096631              1.0000000        

Db 105 13 1 1 1 1 1 1 1 1 1 1 1 1 1

p       0.0636712              1.0000000        

p       0.0160124              1.0000000        

d      27.4749390              1.0000000        

d       2.2734328              1.0000000        

d       1.9468378              1.0000000        

d       0.7132286              1.0000000        

d       0.2616137              1.0000000        

d       0.0863187              1.0000000        

f       8.1473376              1.0000000        

f       3.7233188              1.0000000        

f       1.7109658              1.0000000        

f       0.7896551              1.0000000        

f       0.3402368              1.0000000        

Sg 106 13 1 1 1 1 1 1 1 1 1 1 1 1 1

p       0.0670770              1.0000000        

p       0.0175343              1.0000000        

d      25.4217990              1.0000000        

d       2.5987626              1.0000000        

d       2.0560785              1.0000000        

d       0.7775353              1.0000000        

d       0.2905247              1.0000000        

d       0.0975429              1.0000000        

f       8.1803385              1.0000000        

f       3.7089209              1.0000000        

f       1.6650488              1.0000000        

f       0.7708857              1.0000000        

f       0.3359438              1.0000000        

Bh 107 13 1 1 1 1 1 1 1 1 1 1 1 1 1

p       0.0734333              1.0000000        

p       0.0206490              1.0000000        

d      23.2879010              1.0000000        

d       2.9548861              1.0000000        

d       2.1450303              1.0000000        

d       0.8329362              1.0000000        

d       0.3153532              1.0000000        

d       0.1067331              1.0000000        

f       9.0385688              1.0000000        

f       4.0558872              1.0000000        

f       1.8173171              1.0000000        

f       0.8515955              1.0000000        

f       0.3726824              1.0000000        

Hs 108 13 1 1 1 1 1 1 1 1 1 1 1 1 1

p       0.0769110              1.0000000        

p       0.0226494              1.0000000        

d      21.9203490              1.0000000        

d       3.4526239              1.0000000        

d       2.1942232              1.0000000        

d       0.8822778              1.0000000        

d       0.3368128              1.0000000        

d       0.1147642              1.0000000        

f       9.0496185              1.0000000        

f       4.1141947              1.0000000        

f       1.8708722              1.0000000        

f       0.8714431              1.0000000        

f       0.3779315              1.0000000        

Mt 109 13 1 1 1 1 1 1 1 1 1 1 1 1 1

p       0.0783220              1.0000000        

p       0.0249269              1.0000000        

d      16.9907230              1.0000000        

d       4.2645591              1.0000000        

d       2.2388334              1.0000000        

d       0.9508741              1.0000000        

d       0.3635673              1.0000000        

d       0.1242963              1.0000000        

f       9.1139125              1.0000000        

f       4.1561459              1.0000000        

f       1.8778761              1.0000000        

f       0.8651224              1.0000000        

f       0.3714973              1.0000000        

Uun 110 13 1 1 1 1 1 1 1 1 1 1 1 1 1

p       0.1277398              1.0000000        

p       0.0386306              1.0000000        

d      18.5614790              1.0000000        

d       4.2815409              1.0000000        

d       2.2388334              1.0000000        

d       1.0755149              1.0000000        

d       0.3881528              1.0000000        

d       0.1326909              1.0000000        

f      18.2388140              1.0000000        

f       6.8469230              1.0000000        

f       3.7247118              1.0000000        

f       1.8829343              1.0000000        

f       0.7479886              1.0000000        

Uuu 111 13 1 1 1 1 1 1 1 1 1 1 1 1 1

p       0.0902311              1.0000000        

p       0.0290759              1.0000000        

d      28.9821980              1.0000000        

d       3.1520539              1.0000000        

d       2.7941365              1.0000000        

d       1.0430570              1.0000000        

d       0.4083108              1.0000000        

d       0.1409560              1.0000000        

f       9.9164969              1.0000000        

f       4.5599515              1.0000000        

f       2.0820072              1.0000000        

f       0.9727928              1.0000000        

f       0.4197411              1.0000000        

Uub 112 13 1 1 1 1 1 1 1 1 1 1 1 1 1

p       0.0903696              1.0000000        

p       0.0303724              1.0000000        

d      21.7119070              1.0000000        

d       4.0519063              1.0000000        

d       2.7224689              1.0000000        

d       1.1230624              1.0000000        

d       0.4401965              1.0000000        

d       0.1523479              1.0000000        

f       9.9055975              1.0000000        

f       4.5408196              1.0000000        

f       2.0485838              1.0000000        

f       0.9323977              1.0000000        

f       0.3925141              1.0000000        

Uut 113 14 1 1 1 1 1 1 1 1 1 1 1 1 1 1

p       2.2429884              1.0000000        

p       0.0873824              1.0000000        

p       0.0237909              1.0000000        

d      18.0441130              1.0000000        

d       4.1716298              1.0000000        

d       2.9605510              1.0000000        

d       1.2231770              1.0000000        

d       0.4914624              1.0000000        

d       0.1779609              1.0000000        

f      10.9730000              1.0000000        

f       4.9855571              1.0000000        

f       2.2437546              1.0000000        

f       1.0307168              1.0000000        

f       0.4416325              1.0000000        

Uuq 114 14 1 1 1 1 1 1 1 1 1 1 1 1 1 1

p       1.7935886              1.0000000        

p       0.1433561              1.0000000        

p       0.0512023              1.0000000        

d      39.9757620              1.0000000        

d       4.1097837              1.0000000        

d       2.7224689              1.0000000        

d       1.2100945              1.0000000        

d       0.4868278              1.0000000        

d       0.1817576              1.0000000        

f      11.0616840              1.0000000        

f       5.1017154              1.0000000        

f       2.3508303              1.0000000        

f       1.1103357              1.0000000        

f       0.4948663              1.0000000        

Uup 115 14 1 1 1 1 1 1 1 1 1 1 1 1 1 1

p       4.6364816              1.0000000        

p       0.1597537              1.0000000        

p       0.0468109              1.0000000        

d      36.4438300              1.0000000        

d       4.3686812              1.0000000        

d       2.9362844              1.0000000        

d       1.2906059              1.0000000        

d       0.5328963              1.0000000        

d       0.2012507              1.0000000        

f      17.3247370              1.0000000        

f       7.4743802              1.0000000        

f       4.2628352              1.0000000        

f       2.4147049              1.0000000        

f       1.0384794              1.0000000        

Uuh 116 12 1 1 1 1 1 1 1 1 1 1 1 1

p       7.6428803              1.0000000        

p       0.1813751              1.0000000        

d      13.1511810              1.0000000        

d       5.2514419              1.0000000        

d       3.1100370              1.0000000        

d       1.5109247              1.0000000        

d       0.6164518              1.0000000        

d       0.2333849              1.0000000        

f      30.5204540              1.0000000        

f       8.7320871              1.0000000        

f       4.7704078              1.0000000        

f       2.4780453              1.0000000        

Uus 117 14 1 1 1 1 1 1 1 1 1 1 1 1 1 1

p       5.6847500              1.0000000        

p       0.2191043              1.0000000        

p       0.0649429              1.0000000        

d      22.4731400              1.0000000        

d       7.1088634              1.0000000        

d       2.9362844              1.0000000        

d       1.4785317              1.0000000        

d       0.6049914              1.0000000        

d       0.2390290              1.0000000        

f      23.4594860              1.0000000        

f       9.2513080              1.0000000        

f       5.5849091              1.0000000        

f       2.8239680              1.0000000        

f       1.2453231              1.0000000        

